2.258160000000000167e+01 2.167689999999999984e+01 2.084339999999999904e+01 2.007290000000000063e+01 1.935849999999999937e+01 1.869409999999999883e+01 1.807450000000000045e+01 1.749540000000000006e+01 1.695270000000000010e+01 1.644320000000000093e+01
2.611329999999999885e+01 2.504769999999999897e+01 2.406779999999999831e+01 2.316349999999999909e+01 2.232620000000000005e+01 2.154860000000000042e+01 2.082440000000000069e+01 2.014819999999999922e+01 1.951529999999999987e+01 1.892160000000000153e+01
2.975509999999999877e+01 2.851760000000000161e+01 2.738200000000000145e+01 2.633579999999999899e+01 2.536860000000000070e+01 2.447169999999999845e+01 2.363739999999999952e+01 2.285930000000000106e+01 2.213179999999999836e+01 2.144999999999999929e+01
3.351400000000000290e+01 3.209270000000000067e+01 3.079110000000000014e+01 2.959420000000000073e+01 2.848949999999999960e+01 2.746649999999999991e+01 2.651620000000000132e+01 2.563109999999999999e+01 2.480450000000000088e+01 2.403059999999999974e+01
3.739770000000000039e+01 3.577940000000000254e+01 3.430060000000000286e+01 3.294330000000000069e+01 3.169279999999999831e+01 3.053659999999999997e+01 2.946420000000000172e+01 2.846649999999999991e+01 2.753579999999999828e+01 2.666550000000000153e+01
4.141470000000000340e+01 3.958480000000000132e+01 3.791649999999999920e+01 3.638839999999999719e+01 3.498319999999999652e+01 3.368599999999999994e+01 3.248460000000000036e+01 3.136840000000000117e+01 3.032849999999999824e+01 2.935709999999999908e+01
4.557439999999999714e+01 4.351680000000000348e+01 4.164540000000000219e+01 3.993509999999999849e+01 3.836529999999999774e+01 3.691870000000000118e+01 3.558100000000000307e+01 3.433990000000000009e+01 3.318509999999999849e+01 3.210759999999999792e+01
4.988730000000000331e+01 4.758389999999999986e+01 4.549459999999999837e+01 4.358939999999999770e+01 4.184429999999999694e+01 4.023919999999999675e+01 3.875719999999999743e+01 3.738439999999999941e+01 3.610869999999999891e+01 3.491989999999999839e+01
5.436480000000000246e+01 5.179569999999999652e+01 4.947180000000000177e+01 4.735799999999999699e+01 4.542589999999999861e+01 4.365220000000000056e+01 4.201749999999999829e+01 4.050549999999999784e+01 3.910240000000000293e+01 3.779659999999999798e+01
5.901989999999999981e+01 5.616270000000000095e+01 5.358590000000000231e+01 5.124819999999999709e+01 4.911630000000000251e+01 4.716320000000000334e+01 4.536639999999999873e+01 4.370709999999999695e+01 4.216969999999999885e+01 4.074069999999999681e+01
