0.000000000000000000e+00 0.000000000000000000e+00 0.000000000000000000e+00 0.000000000000000000e+00 0.000000000000000000e+00 0.000000000000000000e+00 0.000000000000000000e+00 0.000000000000000000e+00 0.000000000000000000e+00 0.000000000000000000e+00
0.000000000000000000e+00 0.000000000000000000e+00 0.000000000000000000e+00 0.000000000000000000e+00 0.000000000000000000e+00 0.000000000000000000e+00 0.000000000000000000e+00 0.000000000000000000e+00 0.000000000000000000e+00 0.000000000000000000e+00
0.000000000000000000e+00 0.000000000000000000e+00 0.000000000000000000e+00 0.000000000000000000e+00 0.000000000000000000e+00 0.000000000000000000e+00 0.000000000000000000e+00 0.000000000000000000e+00 0.000000000000000000e+00 0.000000000000000000e+00
0.000000000000000000e+00 0.000000000000000000e+00 0.000000000000000000e+00 0.000000000000000000e+00 0.000000000000000000e+00 0.000000000000000000e+00 0.000000000000000000e+00 0.000000000000000000e+00 0.000000000000000000e+00 0.000000000000000000e+00
2.855859999999999843e+01 6.837860000000000582e+01 0.000000000000000000e+00 0.000000000000000000e+00 0.000000000000000000e+00 0.000000000000000000e+00 0.000000000000000000e+00 0.000000000000000000e+00 0.000000000000000000e+00 0.000000000000000000e+00
2.280069999999999908e+01 5.002980000000000160e+01 9.138700000000000045e+01 0.000000000000000000e+00 0.000000000000000000e+00 0.000000000000000000e+00 0.000000000000000000e+00 0.000000000000000000e+00 0.000000000000000000e+00 0.000000000000000000e+00
1.905949999999999989e+01 4.016159999999999997e+01 6.781239999999999668e+01 1.085400999999999954e+02 1.930203999999999951e+02 0.000000000000000000e+00 0.000000000000000000e+00 0.000000000000000000e+00 0.000000000000000000e+00 0.000000000000000000e+00
1.640759999999999863e+01 3.376850000000000307e+01 5.497829999999999728e+01 8.233400000000000318e+01 1.211981999999999999e+02 1.908266000000000133e+02 0.000000000000000000e+00 0.000000000000000000e+00 0.000000000000000000e+00 0.000000000000000000e+00
1.442019999999999946e+01 2.922419999999999973e+01 4.657699999999999818e+01 6.756359999999999388e+01 9.416559999999999775e+01 1.306560000000000059e+02 1.896465000000000032e+02 0.000000000000000000e+00 0.000000000000000000e+00 0.000000000000000000e+00
1.287100000000000044e+01 2.580320000000000036e+01 4.055199999999999960e+01 5.771770000000000067e+01 7.825900000000000034e+01 1.038546000000000049e+02 1.378752000000000066e+02 1.889063999999999908e+02 2.954517000000000166e+02 0.000000000000000000e+00
