1.300999999999999934e-01 1.282999999999999974e-01 1.293999999999999873e-01 1.272999999999999965e-01 1.255999999999999894e-01 1.248999999999999971e-01 1.231000000000000011e-01 1.217000000000000026e-01 1.200999999999999984e-01 1.185999999999999971e-01
1.327000000000000124e-01 1.300000000000000044e-01 1.300000000000000044e-01 1.262999999999999956e-01 1.241000000000000020e-01 1.221000000000000002e-01 1.232000000000000040e-01 1.227000000000000035e-01 1.193000000000000033e-01 1.183000000000000024e-01
1.335000000000000075e-01 1.293999999999999873e-01 1.300999999999999934e-01 1.280000000000000027e-01 1.272000000000000075e-01 1.241000000000000020e-01 1.234999999999999987e-01 1.226000000000000006e-01 1.207000000000000017e-01 1.199999999999999956e-01
1.343000000000000027e-01 1.338000000000000023e-01 1.325999999999999956e-01 1.290999999999999925e-01 1.285000000000000031e-01 1.252999999999999947e-01 1.270000000000000018e-01 1.232000000000000040e-01 1.207000000000000017e-01 1.210999999999999993e-01
1.365000000000000102e-01 1.315000000000000058e-01 1.338999999999999913e-01 1.313999999999999890e-01 1.290000000000000036e-01 1.262000000000000066e-01 1.250000000000000000e-01 1.247999999999999943e-01 1.213000000000000050e-01 1.218999999999999945e-01
1.355999999999999983e-01 1.368000000000000049e-01 1.332000000000000128e-01 1.355999999999999983e-01 1.287000000000000088e-01 1.305999999999999939e-01 1.300000000000000044e-01 1.280999999999999917e-01 1.247000000000000053e-01 1.238999999999999962e-01
1.381999999999999895e-01 1.360000000000000098e-01 1.338000000000000023e-01 1.323999999999999899e-01 1.307999999999999996e-01 1.305999999999999939e-01 1.298999999999999877e-01 1.267000000000000071e-01 1.265000000000000013e-01 1.255000000000000004e-01
1.398999999999999966e-01 1.378999999999999948e-01 1.355000000000000093e-01 1.351999999999999869e-01 1.320000000000000062e-01 1.317000000000000115e-01 1.272999999999999965e-01 1.290000000000000036e-01 1.243999999999999967e-01 1.250000000000000000e-01
1.403000000000000080e-01 1.393999999999999961e-01 1.383000000000000063e-01 1.355000000000000093e-01 1.353999999999999926e-01 1.330000000000000071e-01 1.285999999999999921e-01 1.290999999999999925e-01 1.293999999999999873e-01 1.247999999999999943e-01
1.429999999999999882e-01 1.416999999999999926e-01 1.390000000000000124e-01 1.390000000000000124e-01 1.348999999999999921e-01 1.320000000000000062e-01 1.310999999999999943e-01 1.308999999999999886e-01 1.300000000000000044e-01 1.265000000000000013e-01
