1.227000000000000035e-01 1.345000000000000084e-01 1.292999999999999983e-01 1.325999999999999956e-01 1.310999999999999943e-01 1.272000000000000075e-01 1.224999999999999978e-01 1.228999999999999954e-01 1.210999999999999993e-01 1.207000000000000017e-01 1.205999999999999989e-01 1.219999999999999973e-01 1.233999999999999958e-01 1.218000000000000055e-01 1.212000000000000022e-01 1.173000000000000015e-01 1.185999999999999971e-01 1.183000000000000024e-01 1.193000000000000033e-01 1.170999999999999958e-01
1.283999999999999864e-01 1.345000000000000084e-01 1.290999999999999925e-01 1.318000000000000005e-01 1.285999999999999921e-01 1.239999999999999991e-01 1.185999999999999971e-01 1.255000000000000004e-01 1.243999999999999967e-01 1.242999999999999938e-01 1.218999999999999945e-01 1.202000000000000013e-01 1.270000000000000018e-01 1.222000000000000031e-01 1.272999999999999965e-01 1.237999999999999934e-01 1.223999999999999949e-01 1.200999999999999984e-01 1.179999999999999938e-01 1.155000000000000054e-01
1.305000000000000049e-01 1.295000000000000040e-01 1.315999999999999948e-01 1.310999999999999943e-01 1.264000000000000123e-01 1.317000000000000115e-01 1.239999999999999991e-01 1.292000000000000093e-01 1.239999999999999991e-01 1.223999999999999949e-01 1.277999999999999969e-01 1.237999999999999934e-01 1.189000000000000057e-01 1.198000000000000037e-01 1.204999999999999960e-01 1.187000000000000000e-01 1.223999999999999949e-01 1.200999999999999984e-01 1.224999999999999978e-01 1.188000000000000028e-01
1.315999999999999948e-01 1.315000000000000058e-01 1.323000000000000009e-01 1.320999999999999952e-01 1.315999999999999948e-01 1.244999999999999996e-01 1.313000000000000000e-01 1.267000000000000071e-01 1.312000000000000111e-01 1.255999999999999894e-01 1.229999999999999982e-01 1.270999999999999908e-01 1.232000000000000040e-01 1.297999999999999987e-01 1.231000000000000011e-01 1.229999999999999982e-01 1.168000000000000010e-01 1.207000000000000017e-01 1.187000000000000000e-01 1.214999999999999969e-01
1.277000000000000079e-01 1.348000000000000032e-01 1.283999999999999864e-01 1.265000000000000013e-01 1.287999999999999978e-01 1.287000000000000088e-01 1.252000000000000057e-01 1.265999999999999903e-01 1.250000000000000000e-01 1.247999999999999943e-01 1.290000000000000036e-01 1.247000000000000053e-01 1.218000000000000055e-01 1.238999999999999962e-01 1.287000000000000088e-01 1.239999999999999991e-01 1.242999999999999938e-01 1.247000000000000053e-01 1.199999999999999956e-01 1.194000000000000061e-01
1.363000000000000045e-01 1.332000000000000128e-01 1.265999999999999903e-01 1.257999999999999952e-01 1.313999999999999890e-01 1.315999999999999948e-01 1.223000000000000059e-01 1.243999999999999967e-01 1.297000000000000097e-01 1.262999999999999956e-01 1.229999999999999982e-01 1.274000000000000132e-01 1.207000000000000017e-01 1.233000000000000068e-01 1.194000000000000061e-01 1.312000000000000111e-01 1.223999999999999949e-01 1.217000000000000026e-01 1.194000000000000061e-01 1.189000000000000057e-01
1.350999999999999979e-01 1.348000000000000032e-01 1.333000000000000018e-01 1.300000000000000044e-01 1.320000000000000062e-01 1.246000000000000024e-01 1.260000000000000009e-01 1.297999999999999987e-01 1.210999999999999993e-01 1.300999999999999934e-01 1.242000000000000048e-01 1.247999999999999943e-01 1.260999999999999899e-01 1.232000000000000040e-01 1.252000000000000057e-01 1.255999999999999894e-01 1.160000000000000059e-01 1.205999999999999989e-01 1.218999999999999945e-01 1.228999999999999954e-01
1.277000000000000079e-01 1.328999999999999904e-01 1.396000000000000019e-01 1.323999999999999899e-01 1.298999999999999877e-01 1.270999999999999908e-01 1.351999999999999869e-01 1.285000000000000031e-01 1.277999999999999969e-01 1.292000000000000093e-01 1.252000000000000057e-01 1.246000000000000024e-01 1.239999999999999991e-01 1.223999999999999949e-01 1.248999999999999971e-01 1.255000000000000004e-01 1.221000000000000002e-01 1.244999999999999996e-01 1.178000000000000019e-01 1.238999999999999962e-01
1.368999999999999939e-01 1.368999999999999939e-01 1.360999999999999988e-01 1.375000000000000111e-01 1.292000000000000093e-01 1.355000000000000093e-01 1.333000000000000018e-01 1.274000000000000132e-01 1.325000000000000067e-01 1.269000000000000128e-01 1.227000000000000035e-01 1.214999999999999969e-01 1.288999999999999868e-01 1.247999999999999943e-01 1.231000000000000011e-01 1.176999999999999991e-01 1.203999999999999931e-01 1.247999999999999943e-01 1.209999999999999964e-01 1.176999999999999991e-01
1.315000000000000058e-01 1.340999999999999970e-01 1.340000000000000080e-01 1.340999999999999970e-01 1.338999999999999913e-01 1.280000000000000027e-01 1.340999999999999970e-01 1.327000000000000124e-01 1.328000000000000014e-01 1.298999999999999877e-01 1.297999999999999987e-01 1.248999999999999971e-01 1.279000000000000137e-01 1.213999999999999940e-01 1.221000000000000002e-01 1.262999999999999956e-01 1.214999999999999969e-01 1.275999999999999912e-01 1.250000000000000000e-01 1.188000000000000028e-01
1.365999999999999992e-01 1.343999999999999917e-01 1.302999999999999992e-01 1.396000000000000019e-01 1.348999999999999921e-01 1.345000000000000084e-01 1.303999999999999881e-01 1.332000000000000128e-01 1.290000000000000036e-01 1.335000000000000075e-01 1.262000000000000066e-01 1.300000000000000044e-01 1.267999999999999960e-01 1.293999999999999873e-01 1.264000000000000123e-01 1.209999999999999964e-01 1.231000000000000011e-01 1.218999999999999945e-01 1.218000000000000055e-01 1.222000000000000031e-01
1.406999999999999917e-01 1.401000000000000023e-01 1.345000000000000084e-01 1.340999999999999970e-01 1.333999999999999908e-01 1.322000000000000119e-01 1.279000000000000137e-01 1.325000000000000067e-01 1.252999999999999947e-01 1.328000000000000014e-01 1.308999999999999886e-01 1.313000000000000000e-01 1.283999999999999864e-01 1.259000000000000119e-01 1.270000000000000018e-01 1.297000000000000097e-01 1.275999999999999912e-01 1.252999999999999947e-01 1.247000000000000053e-01 1.257999999999999952e-01
1.383999999999999952e-01 1.371999999999999886e-01 1.373000000000000054e-01 1.345000000000000084e-01 1.360000000000000098e-01 1.346999999999999864e-01 1.327000000000000124e-01 1.277999999999999969e-01 1.320000000000000062e-01 1.313000000000000000e-01 1.277000000000000079e-01 1.310999999999999943e-01 1.295000000000000040e-01 1.270000000000000018e-01 1.233000000000000068e-01 1.282999999999999974e-01 1.277000000000000079e-01 1.244999999999999996e-01 1.217000000000000026e-01 1.255000000000000004e-01
1.385000000000000120e-01 1.375000000000000111e-01 1.360000000000000098e-01 1.363999999999999935e-01 1.305000000000000049e-01 1.348000000000000032e-01 1.325000000000000067e-01 1.323999999999999899e-01 1.333000000000000018e-01 1.353999999999999926e-01 1.320999999999999952e-01 1.244999999999999996e-01 1.214999999999999969e-01 1.257999999999999952e-01 1.320999999999999952e-01 1.313000000000000000e-01 1.282000000000000084e-01 1.269000000000000128e-01 1.250999999999999890e-01 1.275999999999999912e-01
1.350999999999999979e-01 1.376000000000000001e-01 1.353999999999999926e-01 1.370000000000000107e-01 1.383000000000000063e-01 1.342000000000000137e-01 1.360000000000000098e-01 1.368000000000000049e-01 1.318000000000000005e-01 1.337000000000000133e-01 1.396000000000000019e-01 1.275999999999999912e-01 1.270999999999999908e-01 1.272999999999999965e-01 1.288999999999999868e-01 1.260999999999999899e-01 1.282000000000000084e-01 1.307000000000000106e-01 1.270999999999999908e-01 1.227000000000000035e-01
1.380000000000000115e-01 1.355000000000000093e-01 1.428000000000000103e-01 1.346999999999999864e-01 1.337000000000000133e-01 1.361999999999999877e-01 1.330999999999999961e-01 1.277999999999999969e-01 1.370999999999999996e-01 1.386000000000000010e-01 1.298999999999999877e-01 1.366999999999999882e-01 1.325999999999999956e-01 1.280999999999999917e-01 1.267000000000000071e-01 1.302999999999999992e-01 1.236000000000000015e-01 1.246000000000000024e-01 1.252000000000000057e-01 1.255999999999999894e-01
1.419999999999999873e-01 1.466000000000000081e-01 1.403999999999999970e-01 1.360000000000000098e-01 1.375000000000000111e-01 1.363999999999999935e-01 1.353000000000000036e-01 1.388999999999999957e-01 1.365999999999999992e-01 1.375000000000000111e-01 1.391000000000000014e-01 1.358999999999999930e-01 1.237000000000000044e-01 1.290999999999999925e-01 1.282999999999999974e-01 1.262999999999999956e-01 1.295999999999999930e-01 1.282999999999999974e-01 1.298999999999999877e-01 1.202000000000000013e-01
1.428000000000000103e-01 1.403999999999999970e-01 1.391000000000000014e-01 1.433000000000000107e-01 1.368999999999999939e-01 1.360000000000000098e-01 1.358999999999999930e-01 1.307000000000000106e-01 1.323000000000000009e-01 1.338000000000000023e-01 1.320000000000000062e-01 1.302000000000000102e-01 1.315999999999999948e-01 1.255999999999999894e-01 1.317000000000000115e-01 1.262000000000000066e-01 1.320999999999999952e-01 1.297000000000000097e-01 1.292000000000000093e-01 1.217000000000000026e-01
1.441999999999999948e-01 1.448000000000000120e-01 1.428999999999999992e-01 1.378999999999999948e-01 1.413999999999999979e-01 1.358999999999999930e-01 1.345000000000000084e-01 1.416000000000000036e-01 1.323999999999999899e-01 1.318000000000000005e-01 1.363000000000000045e-01 1.287000000000000088e-01 1.335999999999999965e-01 1.355999999999999983e-01 1.280000000000000027e-01 1.275999999999999912e-01 1.287999999999999978e-01 1.270999999999999908e-01 1.279000000000000137e-01 1.348999999999999921e-01
1.428999999999999992e-01 1.461000000000000076e-01 1.434999999999999887e-01 1.433999999999999997e-01 1.431000000000000050e-01 1.333000000000000018e-01 1.350000000000000089e-01 1.363999999999999935e-01 1.393999999999999961e-01 1.333999999999999908e-01 1.323999999999999899e-01 1.335000000000000075e-01 1.330999999999999961e-01 1.290999999999999925e-01 1.265000000000000013e-01 1.288999999999999868e-01 1.254000000000000115e-01 1.345999999999999974e-01 1.279000000000000137e-01 1.255999999999999894e-01
