1.439000000000000001e-01 1.358999999999999930e-01 1.335999999999999965e-01 1.233999999999999958e-01 1.160999999999999949e-01 1.115000000000000019e-01 1.072000000000000036e-01 1.059999999999999970e-01 9.389999999999999736e-02 9.700000000000000289e-02 9.329999999999999405e-02 8.490000000000000324e-02 8.210000000000000631e-02 8.129999999999999727e-02 8.169999999999999485e-02 7.639999999999999569e-02 7.599999999999999811e-02 7.169999999999999984e-02 6.940000000000000335e-02 7.059999999999999609e-02
1.559000000000000108e-01 1.446999999999999953e-01 1.358000000000000040e-01 1.272999999999999965e-01 1.265000000000000013e-01 1.170999999999999958e-01 1.116999999999999937e-01 1.079999999999999988e-01 9.660000000000000531e-02 9.760000000000000620e-02 9.270000000000000462e-02 8.920000000000000151e-02 8.609999999999999598e-02 8.770000000000000018e-02 8.429999999999999993e-02 7.969999999999999307e-02 7.470000000000000251e-02 7.259999999999999787e-02 7.220000000000000029e-02 7.030000000000000138e-02
1.559000000000000108e-01 1.466999999999999971e-01 1.398000000000000076e-01 1.297999999999999987e-01 1.282000000000000084e-01 1.252999999999999947e-01 1.102999999999999953e-01 1.116000000000000048e-01 1.039000000000000062e-01 9.769999999999999518e-02 9.650000000000000244e-02 9.470000000000000639e-02 9.149999999999999800e-02 8.759999999999999731e-02 8.050000000000000211e-02 8.260000000000000675e-02 8.119999999999999440e-02 7.290000000000000646e-02 7.130000000000000226e-02 7.040000000000000424e-02
1.638000000000000012e-01 1.560999999999999888e-01 1.537000000000000033e-01 1.409999999999999865e-01 1.285999999999999921e-01 1.280999999999999917e-01 1.173000000000000015e-01 1.130000000000000032e-01 1.084999999999999992e-01 1.015000000000000069e-01 1.019000000000000045e-01 9.339999999999999691e-02 8.959999999999999909e-02 8.480000000000000038e-02 8.490000000000000324e-02 8.400000000000000522e-02 7.699999999999999900e-02 7.520000000000000295e-02 7.520000000000000295e-02 7.180000000000000271e-02
1.867000000000000048e-01 1.661999999999999866e-01 1.512999999999999901e-01 1.504999999999999949e-01 1.361999999999999877e-01 1.255000000000000004e-01 1.202000000000000013e-01 1.158000000000000002e-01 1.113999999999999990e-01 1.068999999999999950e-01 1.034000000000000058e-01 9.959999999999999409e-02 9.529999999999999583e-02 8.669999999999999929e-02 8.890000000000000679e-02 8.550000000000000655e-02 8.119999999999999440e-02 7.630000000000000671e-02 7.820000000000000562e-02 7.670000000000000429e-02
1.950999999999999956e-01 1.837000000000000022e-01 1.691000000000000003e-01 1.562000000000000055e-01 1.413999999999999979e-01 1.361999999999999877e-01 1.242000000000000048e-01 1.229999999999999982e-01 1.120000000000000023e-01 1.089999999999999997e-01 1.054999999999999966e-01 1.024999999999999939e-01 9.229999999999999316e-02 9.329999999999999405e-02 9.529999999999999583e-02 8.640000000000000457e-02 8.119999999999999440e-02 7.910000000000000364e-02 7.920000000000000651e-02 7.660000000000000142e-02
2.131000000000000116e-01 1.957000000000000128e-01 1.743999999999999995e-01 1.627000000000000113e-01 1.514999999999999958e-01 1.441999999999999948e-01 1.345000000000000084e-01 1.277000000000000079e-01 1.197000000000000008e-01 1.116999999999999937e-01 1.092999999999999944e-01 1.045999999999999985e-01 9.769999999999999518e-02 9.679999999999999716e-02 9.189999999999999558e-02 8.840000000000000635e-02 8.240000000000000102e-02 8.369999999999999662e-02 8.060000000000000497e-02 7.560000000000000053e-02
2.248999999999999888e-01 2.041999999999999926e-01 1.877000000000000057e-01 1.681999999999999884e-01 1.592000000000000082e-01 1.540999999999999870e-01 1.411999999999999922e-01 1.318999999999999895e-01 1.298999999999999877e-01 1.180999999999999966e-01 1.165000000000000063e-01 1.068999999999999950e-01 1.082000000000000045e-01 1.006999999999999978e-01 9.289999999999999647e-02 8.690000000000000502e-02 8.640000000000000457e-02 8.509999999999999509e-02 7.889999999999999791e-02 7.770000000000000517e-02
2.528000000000000247e-01 2.223999999999999866e-01 2.028999999999999970e-01 1.847000000000000031e-01 1.776999999999999968e-01 1.600000000000000033e-01 1.468000000000000138e-01 1.416000000000000036e-01 1.297999999999999987e-01 1.272000000000000075e-01 1.185999999999999971e-01 1.179999999999999938e-01 1.103999999999999981e-01 1.028000000000000025e-01 9.929999999999999938e-02 9.510000000000000397e-02 8.859999999999999820e-02 8.640000000000000457e-02 8.169999999999999485e-02 8.110000000000000542e-02
2.632999999999999785e-01 2.457999999999999907e-01 2.119000000000000050e-01 2.056999999999999940e-01 1.859999999999999987e-01 1.673999999999999932e-01 1.632000000000000117e-01 1.549999999999999989e-01 1.363999999999999935e-01 1.330000000000000071e-01 1.232000000000000040e-01 1.175999999999999962e-01 1.063999999999999946e-01 1.059999999999999970e-01 1.003000000000000003e-01 9.869999999999999607e-02 9.460000000000000353e-02 8.509999999999999509e-02 8.329999999999999905e-02 8.329999999999999905e-02
3.083000000000000185e-01 2.716999999999999971e-01 2.326999999999999902e-01 2.076000000000000068e-01 1.988000000000000045e-01 1.849999999999999978e-01 1.731000000000000039e-01 1.529999999999999971e-01 1.446999999999999953e-01 1.297999999999999987e-01 1.279000000000000137e-01 1.215999999999999998e-01 1.142999999999999988e-01 1.098999999999999977e-01 1.045999999999999985e-01 1.038000000000000034e-01 9.669999999999999429e-02 9.339999999999999691e-02 8.970000000000000195e-02 8.369999999999999662e-02
3.459999999999999742e-01 2.888000000000000012e-01 2.553000000000000269e-01 2.328999999999999959e-01 2.074999999999999900e-01 1.930000000000000049e-01 1.734999999999999876e-01 1.623999999999999888e-01 1.540999999999999870e-01 1.436000000000000054e-01 1.338999999999999913e-01 1.264000000000000123e-01 1.174000000000000044e-01 1.141999999999999960e-01 1.076000000000000012e-01 1.023000000000000020e-01 9.859999999999999321e-02 9.320000000000000506e-02 9.149999999999999800e-02 8.899999999999999578e-02
3.867999999999999772e-01 3.262999999999999790e-01 2.803999999999999826e-01 2.602999999999999758e-01 2.384000000000000008e-01 2.026999999999999913e-01 1.882999999999999952e-01 1.776000000000000079e-01 1.642000000000000126e-01 1.512999999999999901e-01 1.383000000000000063e-01 1.395000000000000129e-01 1.212000000000000022e-01 1.236000000000000015e-01 1.088999999999999968e-01 1.073000000000000065e-01 1.013000000000000012e-01 9.729999999999999760e-02 9.299999999999999933e-02 9.289999999999999647e-02
4.491999999999999882e-01 3.665999999999999814e-01 3.197999999999999732e-01 2.802000000000000046e-01 2.429999999999999938e-01 2.195999999999999897e-01 2.026000000000000023e-01 1.839000000000000079e-01 1.676999999999999880e-01 1.585999999999999910e-01 1.472999999999999865e-01 1.390000000000000124e-01 1.270999999999999908e-01 1.255000000000000004e-01 1.218000000000000055e-01 1.137999999999999984e-01 1.058000000000000052e-01 1.010999999999999954e-01 1.010000000000000064e-01 9.660000000000000531e-02
4.939000000000000057e-01 3.931000000000000050e-01 3.537000000000000144e-01 2.958999999999999964e-01 2.674000000000000266e-01 2.250000000000000056e-01 2.207999999999999963e-01 1.985999999999999988e-01 1.869000000000000106e-01 1.746000000000000052e-01 1.547999999999999932e-01 1.497999999999999887e-01 1.353999999999999926e-01 1.255999999999999894e-01 1.244999999999999996e-01 1.129000000000000004e-01 1.076000000000000012e-01 1.050999999999999990e-01 9.589999999999999913e-02 9.539999999999999869e-02
5.752000000000000446e-01 4.568999999999999728e-01 3.937999999999999834e-01 3.331000000000000072e-01 2.934999999999999831e-01 2.632999999999999785e-01 2.303000000000000047e-01 2.200000000000000011e-01 1.965000000000000080e-01 1.781999999999999973e-01 1.660000000000000087e-01 1.559000000000000108e-01 1.426999999999999935e-01 1.395000000000000129e-01 1.297999999999999987e-01 1.150999999999999940e-01 1.150999999999999940e-01 1.092999999999999944e-01 1.055999999999999994e-01 9.800000000000000377e-02
6.787999999999999590e-01 5.358000000000000540e-01 4.339999999999999969e-01 3.689000000000000057e-01 3.174000000000000155e-01 2.811000000000000165e-01 2.487000000000000044e-01 2.268999999999999906e-01 2.015000000000000124e-01 1.948999999999999899e-01 1.845999999999999863e-01 1.648000000000000020e-01 1.486999999999999988e-01 1.421999999999999931e-01 1.342000000000000137e-01 1.237999999999999934e-01 1.173000000000000015e-01 1.194000000000000061e-01 1.058000000000000052e-01 9.959999999999999409e-02
8.394000000000000350e-01 6.146000000000000352e-01 5.078000000000000291e-01 4.136000000000000232e-01 3.543999999999999928e-01 3.084999999999999964e-01 2.710000000000000187e-01 2.497999999999999943e-01 2.139000000000000068e-01 1.955000000000000071e-01 1.826000000000000123e-01 1.665000000000000091e-01 1.582999999999999963e-01 1.504000000000000059e-01 1.335999999999999965e-01 1.330999999999999961e-01 1.267000000000000071e-01 1.203000000000000042e-01 1.063999999999999946e-01 1.084999999999999992e-01
1.072000000000000064e+00 7.699000000000000288e-01 6.031999999999999584e-01 4.789999999999999813e-01 3.861999999999999877e-01 3.296999999999999931e-01 2.917000000000000148e-01 2.679000000000000270e-01 2.353999999999999981e-01 2.167999999999999927e-01 1.963000000000000023e-01 1.834999999999999964e-01 1.653999999999999915e-01 1.516000000000000125e-01 1.479999999999999927e-01 1.355999999999999983e-01 1.300000000000000044e-01 1.246000000000000024e-01 1.140000000000000041e-01 1.084999999999999992e-01
1.352600000000000025e+00 9.264999999999999902e-01 6.764000000000000012e-01 5.107000000000000428e-01 4.495000000000000107e-01 3.597000000000000197e-01 3.090999999999999859e-01 2.817000000000000060e-01 2.436000000000000110e-01 2.323999999999999955e-01 2.116000000000000103e-01 1.927999999999999992e-01 1.748999999999999999e-01 1.650000000000000078e-01 1.552000000000000046e-01 1.421999999999999931e-01 1.320999999999999952e-01 1.290000000000000036e-01 1.228000000000000064e-01 1.171999999999999986e-01
