1.355000000000000093e-01 1.285000000000000031e-01 1.228999999999999954e-01 1.174999999999999933e-01 1.126000000000000056e-01 1.089999999999999997e-01 1.048000000000000043e-01 1.005000000000000060e-01 9.719999999999999474e-02 9.389999999999999736e-02
1.409999999999999865e-01 1.340999999999999970e-01 1.279000000000000137e-01 1.212000000000000022e-01 1.166999999999999982e-01 1.113999999999999990e-01 1.079999999999999988e-01 1.040999999999999981e-01 9.979999999999999982e-02 9.589999999999999913e-02
1.471999999999999975e-01 1.398000000000000076e-01 1.328000000000000014e-01 1.260000000000000009e-01 1.205999999999999989e-01 1.154000000000000026e-01 1.111000000000000043e-01 1.066000000000000003e-01 1.024000000000000049e-01 9.869999999999999607e-02
1.539999999999999980e-01 1.448000000000000120e-01 1.376999999999999891e-01 1.317000000000000115e-01 1.250000000000000000e-01 1.193000000000000033e-01 1.149000000000000021e-01 1.106000000000000039e-01 1.060999999999999999e-01 1.011999999999999983e-01
1.617000000000000104e-01 1.522999999999999909e-01 1.438000000000000111e-01 1.365999999999999992e-01 1.300000000000000044e-01 1.238999999999999962e-01 1.176999999999999991e-01 1.136999999999999955e-01 1.084999999999999992e-01 1.042000000000000010e-01
1.688000000000000056e-01 1.580999999999999905e-01 1.504000000000000059e-01 1.419999999999999873e-01 1.348999999999999921e-01 1.285000000000000031e-01 1.227000000000000035e-01 1.171999999999999986e-01 1.129000000000000004e-01 1.082999999999999935e-01
1.779999999999999916e-01 1.671999999999999875e-01 1.579000000000000126e-01 1.489999999999999936e-01 1.398999999999999966e-01 1.330000000000000071e-01 1.267999999999999960e-01 1.212000000000000022e-01 1.160000000000000059e-01 1.116999999999999937e-01
1.874000000000000110e-01 1.759999999999999898e-01 1.643999999999999906e-01 1.554000000000000103e-01 1.474999999999999922e-01 1.398000000000000076e-01 1.323000000000000009e-01 1.260000000000000009e-01 1.197000000000000008e-01 1.150000000000000050e-01
1.991999999999999882e-01 1.850999999999999868e-01 1.726999999999999924e-01 1.618999999999999884e-01 1.532999999999999918e-01 1.444000000000000006e-01 1.371999999999999886e-01 1.302999999999999992e-01 1.247000000000000053e-01 1.188000000000000028e-01
2.099999999999999922e-01 1.948999999999999899e-01 1.814000000000000057e-01 1.703000000000000069e-01 1.598999999999999866e-01 1.516000000000000125e-01 1.429999999999999882e-01 1.365999999999999992e-01 1.287999999999999978e-01 1.232000000000000040e-01
