0.000000000000000000e+00 0.000000000000000000e+00 0.000000000000000000e+00 0.000000000000000000e+00 0.000000000000000000e+00 0.000000000000000000e+00 0.000000000000000000e+00 0.000000000000000000e+00 0.000000000000000000e+00 0.000000000000000000e+00
0.000000000000000000e+00 0.000000000000000000e+00 0.000000000000000000e+00 0.000000000000000000e+00 0.000000000000000000e+00 0.000000000000000000e+00 0.000000000000000000e+00 0.000000000000000000e+00 0.000000000000000000e+00 0.000000000000000000e+00
0.000000000000000000e+00 0.000000000000000000e+00 0.000000000000000000e+00 0.000000000000000000e+00 0.000000000000000000e+00 0.000000000000000000e+00 0.000000000000000000e+00 0.000000000000000000e+00 0.000000000000000000e+00 0.000000000000000000e+00
0.000000000000000000e+00 0.000000000000000000e+00 0.000000000000000000e+00 0.000000000000000000e+00 0.000000000000000000e+00 0.000000000000000000e+00 0.000000000000000000e+00 0.000000000000000000e+00 0.000000000000000000e+00 0.000000000000000000e+00
4.490000000000000102e-01 9.082000000000000073e-01 0.000000000000000000e+00 0.000000000000000000e+00 0.000000000000000000e+00 0.000000000000000000e+00 0.000000000000000000e+00 0.000000000000000000e+00 0.000000000000000000e+00 0.000000000000000000e+00
3.322999999999999843e-01 5.122999999999999776e-01 1.016799999999999926e+00 0.000000000000000000e+00 0.000000000000000000e+00 0.000000000000000000e+00 0.000000000000000000e+00 0.000000000000000000e+00 0.000000000000000000e+00 0.000000000000000000e+00
2.713999999999999746e-01 3.613999999999999990e-01 5.553000000000000158e-01 1.046599999999999975e+00 3.847799999999999887e+00 0.000000000000000000e+00 0.000000000000000000e+00 0.000000000000000000e+00 0.000000000000000000e+00 0.000000000000000000e+00
2.272000000000000131e-01 2.854999999999999760e-01 3.840999999999999970e-01 5.712000000000000410e-01 9.862999999999999545e-01 2.614100000000000090e+00 0.000000000000000000e+00 0.000000000000000000e+00 0.000000000000000000e+00 0.000000000000000000e+00
1.913999999999999868e-01 2.371999999999999942e-01 3.047000000000000264e-01 3.952999999999999847e-01 5.753000000000000336e-01 9.406999999999999806e-01 2.008399999999999963e+00 0.000000000000000000e+00 0.000000000000000000e+00 0.000000000000000000e+00
1.703000000000000069e-01 1.998000000000000054e-01 2.401999999999999968e-01 3.060999999999999832e-01 4.063999999999999835e-01 5.655999999999999917e-01 8.621999999999999664e-01 1.623299999999999965e+00 5.275999999999999801e+00 0.000000000000000000e+00
