1.389914970797390403e-01 1.325095114152368692e-01 1.266283098603353807e-01 1.212663231771663047e-01 1.163563518733884417e-01 1.118422235406313081e-01 1.076768679288131469e-01 1.038206879524181669e-01 1.002395862698234330e-01 9.690472312456326065e-02
1.444479051839225592e-01 1.373920536903012191e-01 1.310210729679167629e-01 1.252379294239409635e-01 1.199631878721946487e-01 1.151312781798282808e-01 1.106875103231549640e-01 1.065859769622736347e-01 1.027877990375191952e-01 9.925983628782908408e-02
1.504545042039074632e-01 1.427460649516080204e-01 1.358212614864776346e-01 1.295640547294347744e-01 1.238805565689730520e-01 1.186939805470862142e-01 1.139404492794861973e-01 1.095669279575051808e-01 1.055287106995811408e-01 1.017878751291441675e-01
1.570640750856472090e-01 1.486142945141529781e-01 1.410635234315994191e-01 1.342732225380813271e-01 1.281321404020939470e-01 1.225499022598787180e-01 1.174521779185490750e-01 1.127775940223276208e-01 1.084745289648722244e-01 1.044995031963606713e-01
1.643359237606536183e-01 1.550439672649521483e-01 1.467861252869174793e-01 1.393965409968235258e-01 1.327435334657603438e-01 1.267206397602057000e-01 1.212411612857901971e-01 1.162334989652901857e-01 1.116383028267585592e-01 1.074058923342893074e-01
1.723370969430148836e-01 1.620881239413895780e-01 1.530316165712964360e-01 1.449688329503002193e-01 1.377435277113737699e-01 1.312299624730657310e-01 1.253269090841791222e-01 1.199512010853379662e-01 1.150343758431736779e-01 1.105192102827372430e-01
1.811438320282315051e-01 1.698067155570830711e-01 1.598476234227880766e-01 1.510285049955729375e-01 1.431631474193024167e-01 1.361034845582841379e-01 1.297308869778371621e-01 1.239486484674393180e-01 1.186776510411865493e-01 1.138521293083672031e-01
1.908435157521217174e-01 1.782672599876175545e-01 1.672877910768337806e-01 1.576181843238214919e-01 1.490370444480982048e-01 1.413696425052676231e-01 1.344764727198832222e-01 1.282454801111661269e-01 1.225848012079124166e-01 1.174189908900813289e-01
2.015360755471652110e-01 1.875470989189323978e-01 1.754120599091829880e-01 1.647858675805564943e-01 1.554038421587218277e-01 1.470595750194572671e-01 1.395896540546413545e-01 1.328630829591374019e-01 1.267736769272319597e-01 1.212347138432682270e-01
2.133378597071915184e-01 1.977345501940262762e-01 1.842893003352639725e-01 1.725855133015436749e-01 1.623066812746762622e-01 1.532085104341360526e-01 1.450988819182180423e-01 1.378249457912892328e-01 1.312640012219895569e-01 1.253157711457855150e-01
