1.516622462552590644e-01 1.431625461088643914e-01 1.355684134438046862e-01 1.287418267467194954e-01 1.225717571236440012e-01 1.169675768081058082e-01 1.118546826608608213e-01 1.071710457097604235e-01 1.028647610833690190e-01 9.889178072966242627e-02 9.521482487535166961e-02 9.180195104427536779e-02 8.862563195609574063e-02 8.566208177400758128e-02 8.289058798727878818e-02 8.029308926814733571e-02 7.785354530185817357e-02 7.555808062858017371e-02 7.339424564878904711e-02 7.135102672756334086e-02
1.583430464765559487e-01 1.489661238449199177e-01 1.406539479898941680e-01 1.332327514683116498e-01 1.265649993495835124e-01 1.205402209089944943e-01 1.150689954458000014e-01 1.100775796685820596e-01 1.055050826404242553e-01 1.013003744396375888e-01 9.742053336779084305e-02 9.382909102991755790e-02 9.049473999169253824e-02 8.739079518737738472e-02 8.449395617948908532e-02 8.178408831870472018e-02 7.924348359069482983e-02 7.685684894100429376e-02 7.461038354894813929e-02 7.249211979698776120e-02
1.662243872576292802e-01 1.557471367232005077e-01 1.465460819712108287e-01 1.383972487375014770e-01 1.311264924208473404e-01 1.245969638492899212e-01 1.186988968998666100e-01 1.133436260347757130e-01 1.084584843602944826e-01 1.039834684818207872e-01 9.986819073897669485e-02 9.607053970096630924e-02 9.255467628092753363e-02 8.929007633345388550e-02 8.625047808244623582e-02 8.341311368319730135e-02 8.075828472267972125e-02 7.826882290925288310e-02 7.592959138816851583e-02 7.372725100029384193e-02
1.755049463937847498e-01 1.636536746007908050e-01 1.533574274960082251e-01 1.443222955934560792e-01 1.363247375180098864e-01 1.291920035611312800e-01 1.227882051341409458e-01 1.170049247594335262e-01 1.117546421280472407e-01 1.069654097775199902e-01 1.025781994640163064e-01 9.854361360235000533e-02 9.482006312759627686e-02 9.137249966043362037e-02 8.817087778904354745e-02 8.518945788225282256e-02 8.240596037161933285e-02 7.980115262670298137e-02 7.735806010974675961e-02 7.506200585665880054e-02
1.864207470714185910e-01 1.728584299552778092e-01 1.612172960447198489e-01 1.511066888190404633e-01 1.422361993361201671e-01 1.343859538992775438e-01 1.273854413887946790e-01 1.211008247462086879e-01 1.154253178697749738e-01 1.102727637400358202e-01 1.055726911355131664e-01 1.012667195659942149e-01 9.730663438466737036e-02 9.365142935325725115e-02 9.026675004066592178e-02 8.712302184365480762e-02 8.419517317710831228e-02 8.146125688092123451e-02 7.890237831786389711e-02 7.650203020233985185e-02
1.992546612106292914e-01 1.835646678858657566e-01 1.702755641312462820e-01 1.588634421895905313e-01 1.489481688906071910e-01 1.402467278374225912e-01 1.325443639242595839e-01 1.256742637396837114e-01 1.195058655360269478e-01 1.139343845150507656e-01 1.088754230166113224e-01 1.042600092201445977e-01 1.000310797172767052e-01 9.614107684387594721e-02 9.255008616411766753e-02 8.922429722868632784e-02 8.613487077264221636e-02 8.325703590078696592e-02 8.056936500102798715e-02 7.805332383166914412e-02
2.143508962506340265e-01 1.960147094495846842e-01 1.807077070547795095e-01 1.677230114988306209e-01 1.565592874770526943e-01 1.468508616063737282e-01 1.383250026196815585e-01 1.307733912392210485e-01 1.240346986539241497e-01 1.179816735116637760e-01 1.125125934890907897e-01 1.075450082842905331e-01 1.030117025813191561e-01 9.885685445203817867e-02 9.503413313005787399e-02 9.150441322699552626e-02 8.823475193242961978e-02 8.519669042841872264e-02 8.236621057443206662e-02 7.972228452285100297e-02
2.321340781370576090e-01 2.105003936937322739e-01 1.927215347697875947e-01 1.778371990945280257e-01 1.651832928253927080e-01 1.542851404465502285e-01 1.447949705521548447e-01 1.364512972077583652e-01 1.290546995872488834e-01 1.224492684793637431e-01 1.165122624441312232e-01 1.111450523856061523e-01 1.062678170655262100e-01 1.018151355032059363e-01 9.773265563979066650e-02 9.397528150962297655e-02 9.050494526318955679e-02 8.728921502376801866e-02 8.430066828409849000e-02 8.151560454873162109e-02
2.531371746168668557e-01 2.273792226567796226e-01 2.065656629937351052e-01 1.893847327323220087e-01 1.749518386694030592e-01 1.626489638590002673e-01 1.520304084099115549e-01 1.427679237792746358e-01 1.346130780131375715e-01 1.273752496106864973e-01 1.209056382157996656e-01 1.150857511195311766e-01 1.098207965453639190e-01 1.050336416177419935e-01 1.006607178252522800e-01 9.664958658821937165e-02 9.295628913424930362e-02 8.954391704559551413e-02 8.638079864725140000e-02 8.344028411365790598e-02
2.780420298189084094e-01 2.470948850355412507e-01 2.225417769543652502e-01 2.025779407370002227e-01 1.860194017995875360e-01 1.720567121595692195e-01 1.601188693711688427e-01 1.497904114383361851e-01 1.407628810384685680e-01 1.328020452947003827e-01 1.257267737958268350e-01 1.193950588315788736e-01 1.136936870285419066e-01 1.085314985771073243e-01 1.038343437896419585e-01 9.954095866676775095e-02 9.560060784379835475e-02 9.197067510096870735e-02 8.861523297786862152e-02 8.550373106019223957e-02
3.077363087746458059e-01 2.702070082821395602e-01 2.410204794080613167e-01 2.176725323969615489e-01 1.985676540415116376e-01 1.826421101707126904e-01 1.691599104262055120e-01 1.575954889266552306e-01 1.475637966756694341e-01 1.387766385480204423e-01 1.310134863989659559e-01 1.241034312595886702e-01 1.179115018043383062e-01 1.123297576715417134e-01 1.072710451283475502e-01 1.026640813803018498e-01 9.845013860349245693e-02 9.458018729827522009e-02 9.101305640225883231e-02 8.771397634345017014e-02
3.434026290026104267e-01 2.974336121680970502e-01 2.624644340219647876e-01 2.349797357846707957e-01 2.128145890767729198e-01 1.945619631110870607e-01 1.792698998868703930e-01 1.662710161683282895e-01 1.550835862999049020e-01 1.453522010558361832e-01 1.368080781565173543e-01 1.292451360717924713e-01 1.225019926025044809e-01 1.164510383168118890e-01 1.109896667350230848e-01 1.060349257777335186e-01 1.015184711950083973e-01 9.738397867895108584e-02 9.358412817893704827e-02 9.007948241177089754e-02
3.866512148821404371e-01 3.297141075460732762e-01 2.874576736993728066e-01 2.548835632301337251e-01 2.290226138101340014e-01 2.080021230095001894e-01 1.905842583883737840e-01 1.759177438354223577e-01 1.633990592199431047e-01 1.525882441374580012e-01 1.431575324098464941e-01 1.348576558441861861e-01 1.274956306351789082e-01 1.209203403535320798e-01 1.150110274059328724e-01 1.096706749847395496e-01 1.048200869399575491e-01 1.003941747434272114e-01 9.633898150544839556e-02 9.260917107792604464e-02
4.397374628798202401e-01 3.682994023895037605e-01 3.167532620966587720e-01 2.778635915222297248e-01 2.475124809870158926e-01 2.231855833270857681e-01 2.032625798152079277e-01 1.866538110652137539e-01 1.725989717482684371e-01 1.605530564030257235e-01 1.501150317368829534e-01 1.409831885823333297e-01 1.329264054453050403e-01 1.257653837391035645e-01 1.193576694834979635e-01 1.135900963285615128e-01 1.083706659166791542e-01 1.036242025053719096e-01 9.928878175195118838e-02 9.531265757754300849e-02
5.059149218217069421e-01 4.148996885797554546e-01 3.513354792037625685e-01 3.045282306080464574e-01 2.686806002775251057e-01 2.403816471019235568e-01 2.174948573371387750e-01 1.986162446522202474e-01 1.827855386949760186e-01 1.693244338242410607e-01 1.577407682327089389e-01 1.476688689163343504e-01 1.388320182877745279e-01 1.310163904856564421e-01 1.240544575717427295e-01 1.178137393939442668e-01 1.121872233288243453e-01 1.070882755981549250e-01 1.024457080299395612e-01 9.820043746139464624e-02
5.900606061062007024e-01 4.719069641654516922e-01 3.925183155890540898e-01 3.356595030152290104e-01 2.930227510440894245e-01 2.599200106651479159e-01 2.335090327022636969e-01 2.119682353274807418e-01 1.940781695499699255e-01 1.789916412216087382e-01 1.661030331611186295e-01 1.549683704612972168e-01 1.452545446103121196e-01 1.367072998865129507e-01 1.291290324333758122e-01 1.223641560734739508e-01 1.162886518445229445e-01 1.108021781942078871e-01 1.058229649764005215e-01 1.012835559090231735e-01
6.998165732803048877e-01 5.427797102414069208e-01 4.420965662359657156e-01 3.722830479037720353e-01 3.211671151749753705e-01 2.822077657553120345e-01 2.515801663578381975e-01 2.269029119650328163e-01 2.066164316088523190e-01 1.896584658166802773e-01 1.752807216979337668e-01 1.629421855984043710e-01 1.522417509207200648e-01 1.428759872201471326e-01 1.346115714316302725e-01 1.272661454201292619e-01 1.206952984222514347e-01 1.147828410597667159e-01 1.094348972329499819e-01 1.045742105488393220e-01
8.478637237397075310e-01 6.326992626085081728e-01 5.025833357804172508e-01 4.157671353682045323e-01 3.539235346821267836e-01 3.077548084644290971e-01 2.720465598283186570e-01 2.436528658379925050e-01 2.205661751615315691e-01 2.014458181574497742e-01 1.853640540868604081e-01 1.716594244602639152e-01 1.598470365245947544e-01 1.495647991121053511e-01 1.405361978154701652e-01 1.325473308278540818e-01 1.254296643888958840e-01 1.190489765836987984e-01 1.132969880754255559e-01 1.080854224246576289e-01
1.056856528967827780e+00 7.497903150959390750e-01 5.776092493381559390e-01 4.679786056085309953e-01 3.923520500576116454e-01 3.372081524141731235e-01 2.953250365330833960e-01 2.624996599866403213e-01 2.361236787093976830e-01 2.144955739149319862e-01 1.964582435958362738e-01 1.811991803441714288e-01 1.681317666437937008e-01 1.568215260100413733e-01 1.469410549148323641e-01 1.382382185284075915e-01 1.305168296203915446e-01 1.236210249785908849e-01 1.174262356314936806e-01 1.118314772350887110e-01
1.371544633915932287e+00 9.075332678416769827e-01 6.726122206419999916e-01 5.315329395615884245e-01 4.378665798022807754e-01 3.714003814861467356e-01 3.219379504684997118e-01 2.837874573774572529e-01 2.535258769676287938e-01 2.289755604211319018e-01 2.086854214658223072e-01 1.916532414178951926e-01 1.771655181919834510e-01 1.647003770632451958e-01 1.538684844089959758e-01 1.443728786239572293e-01 1.359840110583323824e-01 1.285213437883677701e-01 1.218411938351681156e-01 1.158278139622236774e-01
