0.000000000000000000e+00 0.000000000000000000e+00 0.000000000000000000e+00 0.000000000000000000e+00 0.000000000000000000e+00 0.000000000000000000e+00 0.000000000000000000e+00 0.000000000000000000e+00 0.000000000000000000e+00 0.000000000000000000e+00
0.000000000000000000e+00 0.000000000000000000e+00 0.000000000000000000e+00 0.000000000000000000e+00 0.000000000000000000e+00 0.000000000000000000e+00 0.000000000000000000e+00 0.000000000000000000e+00 0.000000000000000000e+00 0.000000000000000000e+00
0.000000000000000000e+00 0.000000000000000000e+00 0.000000000000000000e+00 0.000000000000000000e+00 0.000000000000000000e+00 0.000000000000000000e+00 0.000000000000000000e+00 0.000000000000000000e+00 0.000000000000000000e+00 0.000000000000000000e+00
0.000000000000000000e+00 0.000000000000000000e+00 0.000000000000000000e+00 0.000000000000000000e+00 0.000000000000000000e+00 0.000000000000000000e+00 0.000000000000000000e+00 0.000000000000000000e+00 0.000000000000000000e+00 0.000000000000000000e+00
4.634391977368306770e-01 9.249411521494225186e-01 0.000000000000000000e+00 0.000000000000000000e+00 0.000000000000000000e+00 0.000000000000000000e+00 0.000000000000000000e+00 0.000000000000000000e+00 0.000000000000000000e+00 0.000000000000000000e+00
3.453837745692899253e-01 5.214842777429081755e-01 1.027077270540410758e+00 0.000000000000000000e+00 0.000000000000000000e+00 0.000000000000000000e+00 0.000000000000000000e+00 0.000000000000000000e+00 0.000000000000000000e+00 0.000000000000000000e+00
2.777173863181294777e-01 3.711300837902447025e-01 5.604740788652449179e-01 1.040090711344170638e+00 3.778832711211538076e+00 0.000000000000000000e+00 0.000000000000000000e+00 0.000000000000000000e+00 0.000000000000000000e+00 0.000000000000000000e+00
2.332635572679380986e-01 2.909842581528797045e-01 3.907890004437101772e-01 5.780353731591402200e-01 1.000329971888126224e+00 2.587856399222530968e+00 0.000000000000000000e+00 0.000000000000000000e+00 0.000000000000000000e+00 0.000000000000000000e+00
2.015876035668114630e-01 2.406457799372341555e-01 3.021651958841488628e-01 4.025080476134539897e-01 5.788139630403511537e-01 9.385693548813808240e-01 1.975504939003533300e+00 0.000000000000000000e+00 0.000000000000000000e+00 0.000000000000000000e+00
1.777610310111539804e-01 2.058558027437832894e-01 2.474382028733796701e-01 3.098970499830546177e-01 4.070525859533318802e-01 5.685426687645134258e-01 8.716762887773664703e-01 1.599777028277094670e+00 5.247210279078837303e+00 0.000000000000000000e+00
