1.336140342172120743e-01 1.328613491694233539e-01 1.321173495920838215e-01 1.313821984125805864e-01 1.306553322583422494e-01 1.299369178071673181e-01 1.292268317720968174e-01 1.285246709423419897e-01 1.278304625474163125e-01 1.271439536717811347e-01 1.264651737340053150e-01 1.257940130758855024e-01 1.251300912915263852e-01 1.244734435992418953e-01 1.238241033767187860e-01 1.231817012555685292e-01 1.225461423013178286e-01 1.219174651453916181e-01 1.212954445123840541e-01 1.206801205691612894e-01
1.341930052557907538e-01 1.334330650622333747e-01 1.326822010693219922e-01 1.319399859276254028e-01 1.312064382409687535e-01 1.304814308711157167e-01 1.297646960438306740e-01 1.290561143101073005e-01 1.283554273804518031e-01 1.276628032132264834e-01 1.269779867961546849e-01 1.263007290297008256e-01 1.256309238008432860e-01 1.249684668993146924e-01 1.243133913774071425e-01 1.236653250059906728e-01 1.230243053540328174e-01 1.223901026930367397e-01 1.217627562010341197e-01 1.211421722288740094e-01
1.347777530316867367e-01 1.340106309357940451e-01 1.332525343269060913e-01 1.325033295192225846e-01 1.317628853513118925e-01 1.310310731290791064e-01 1.303076226279477889e-01 1.295925558718925563e-01 1.288856092553621047e-01 1.281866663108818805e-01 1.274954726995891907e-01 1.268121971326000852e-01 1.261363122183469521e-01 1.254681268534261762e-01 1.248071231850851059e-01 1.241534729716585739e-01 1.235068047393096252e-01 1.228671566212592436e-01 1.222344322260047744e-01 1.216084050412700179e-01
1.353683199307537943e-01 1.345937913179969248e-01 1.338283878139439331e-01 1.330721220416484774e-01 1.323247111017745170e-01 1.315860247274825701e-01 1.308559350948769462e-01 1.301341729095821520e-01 1.294206180711990062e-01 1.287152945578143304e-01 1.280179428150778898e-01 1.273284492585224081e-01 1.266465633897843057e-01 1.259723165698999892e-01 1.253056012423635068e-01 1.246460394012229994e-01 1.239938033284789798e-01 1.233485223042408568e-01 1.227103685197484251e-01 1.220789783025514469e-01
1.359645963200291907e-01 1.351827364415850719e-01 1.344099501788282858e-01 1.336465505927269259e-01 1.328919531717296931e-01 1.321463228853504979e-01 1.314093814003235994e-01 1.306810017533234780e-01 1.299609155737997956e-01 1.292491463416474695e-01 1.285452904143128405e-01 1.278495174110691468e-01 1.271615717154800929e-01 1.264813425314462725e-01 1.258085830948570405e-01 1.251431893480184909e-01 1.244851952096274889e-01 1.238343623445699454e-01 1.231905921575078000e-01 1.225537877863611264e-01
1.365669284378371318e-01 1.357773564576205683e-01 1.349972631493868147e-01 1.342265064735961022e-01 1.334647982547707279e-01 1.327121527744371809e-01 1.319682891568758898e-01 1.312329331857974291e-01 1.305062511855246965e-01 1.297878289620394421e-01 1.290776907055149192e-01 1.283755754310892117e-01 1.276813689603763791e-01 1.269949591861844473e-01 1.263162360275601470e-01 1.256450913860033547e-01 1.249812821295152448e-01 1.243247067353928370e-01 1.236752654731434753e-01 1.230329946337185704e-01
1.371750538343702308e-01 1.363778439475953896e-01 1.355902166677436238e-01 1.348120281877004112e-01 1.340431374456577396e-01 1.332832573253091568e-01 1.325324029175597718e-01 1.317902943478840849e-01 1.310568039738722879e-01 1.303318065248769975e-01 1.296150354589008236e-01 1.289065156649004396e-01 1.282061286401364741e-01 1.275134767451400752e-01 1.268287308964981541e-01 1.261515013809821339e-01 1.254818214420216349e-01 1.248194486905379735e-01 1.241644182399953417e-01 1.235163581080196971e-01
1.377891679292661264e-01 1.369842415656845613e-01 1.361890028801052699e-01 1.354033062783295549e-01 1.346270089474787823e-01 1.338599707925376414e-01 1.331020543746357643e-01 1.323529772768546608e-01 1.316126103102047695e-01 1.308808266877678206e-01 1.301575019713080428e-01 1.294425140193068979e-01 1.287357429363782113e-01 1.280367879606158776e-01 1.273458204612236966e-01 1.266625873041246353e-01 1.259869798502891713e-01 1.253187536609146890e-01 1.246579435263925201e-01 1.240043105668476586e-01
1.384094703758084743e-01 1.375965921745246900e-01 1.367935101482010696e-01 1.360003825393615862e-01 1.352166028777622153e-01 1.344421832959622198e-01 1.336771342294263420e-01 1.329208704457162660e-01 1.321737067297471535e-01 1.314350692250948471e-01 1.307051259087674000e-01 1.299836057407683931e-01 1.292702440200499403e-01 1.285650670363683856e-01 1.278678164094963765e-01 1.271783802114288819e-01 1.264967880557678892e-01 1.258226519983902392e-01 1.251560064979788944e-01 1.244966106710378856e-01
1.390356933272230699e-01 1.382149388475206742e-01 1.374040879337513621e-01 1.366031451411081621e-01 1.358118079961894986e-01 1.350300845283332329e-01 1.342576800952031968e-01 1.334943070904980877e-01 1.327401299333426932e-01 1.319945703917437541e-01 1.312577967793726874e-01 1.305296809345080633e-01 1.298098084896013582e-01 1.290980619543230234e-01 1.283946105998340359e-01 1.276989112878242072e-01 1.270111364988208147e-01 1.263310347386223942e-01 1.256584987792209729e-01 1.249934233008293538e-01
1.396681941365244817e-01 1.388393248712065653e-01 1.380204700504323034e-01 1.372117881397825478e-01 1.364128167370988187e-01 1.356235630654836211e-01 1.348437297580728778e-01 1.340731769609505575e-01 1.333119167892506118e-01 1.325593666074218191e-01 1.318158422924213535e-01 1.310807724433477872e-01 1.303543262899243549e-01 1.296362346776646357e-01 1.289262347209989001e-01 1.282243540655539082e-01 1.275303360507347994e-01 1.268442105148437915e-01 1.261657267929680026e-01 1.254946399496923437e-01
1.403070199393802731e-01 1.394697937476616911e-01 1.386430103587176499e-01 1.378263539353728473e-01 1.370196709687113712e-01 1.362228109024450906e-01 1.354354736219949007e-01 1.346576689033206764e-01 1.338891043349865750e-01 1.331294944584396900e-01 1.323790050397288254e-01 1.316372074845851003e-01 1.309039761032467775e-01 1.301791875145923705e-01 1.294628646745784595e-01 1.287545995226431206e-01 1.280544203841310069e-01 1.273620714673257825e-01 1.266774430570861143e-01 1.260005666511649081e-01
1.409518974481289433e-01 1.401065483396281841e-01 1.392715970695284911e-01 1.384468851386696231e-01 1.376324127666212760e-01 1.368277150632503936e-01 1.360329527170353325e-01 1.352476711443539314e-01 1.344717297792057398e-01 1.337049906995357307e-01 1.329474676475702333e-01 1.321987286054238098e-01 1.314587933740715697e-01 1.307273880542302591e-01 1.300043901119941336e-01 1.292896792491769198e-01 1.285831373546380552e-01 1.278845064455470804e-01 1.271938165768950468e-01 1.265109558839549453e-01
1.416033522032253966e-01 1.407494754905800338e-01 1.399062735671189328e-01 1.390734245736342800e-01 1.382509277699448813e-01 1.374386253733331509e-01 1.366360539002829111e-01 1.358432215411093935e-01 1.350599826672496950e-01 1.342860433344457149e-01 1.335212665912376695e-01 1.327655180447378513e-01 1.320186658036627547e-01 1.312804335486454643e-01 1.305508431378099021e-01 1.298296249698943083e-01 1.291166595628593095e-01 1.284118296003756710e-01 1.277150198850350582e-01 1.270259763455950097e-01
1.422609479564096724e-01 1.413986193773844602e-01 1.405470834550685000e-01 1.397060152798202115e-01 1.388755707743349332e-01 1.380552737596320023e-01 1.372449710407755985e-01 1.364445123530681758e-01 1.356537502952986918e-01 1.348723882444317068e-01 1.341004385154720424e-01 1.333376120016241673e-01 1.325837752442542428e-01 1.318387972614091519e-01 1.311025494931031266e-01 1.303746142795810248e-01 1.296551632245556696e-01 1.289439309039037418e-01 1.282408007873791222e-01 1.275456584432147489e-01
1.429252169381452220e-01 1.420541866273633547e-01 1.411940705588350109e-01 1.403448603324227717e-01 1.395060701970251005e-01 1.386778569086684620e-01 1.378595894469344940e-01 1.370514295023522178e-01 1.362530704086580280e-01 1.354643658075632695e-01 1.346851721110360334e-01 1.339151976412667755e-01 1.331543073557640011e-01 1.324023687196099475e-01 1.316591040036698135e-01 1.309246818400984225e-01 1.301986825959917937e-01 1.294809862239713616e-01 1.287714748473741677e-01 1.280700327134453587e-01
1.435958816569657959e-01 1.427162249805441208e-01 1.418474409661966973e-01 1.409898454189837114e-01 1.401427852400692342e-01 1.393064171954279395e-01 1.384802626301264439e-01 1.376643237186855884e-01 1.368582909926764068e-01 1.360620163192430843e-01 1.352752015570278521e-01 1.344980108361832349e-01 1.337299996840142779e-01 1.329710339967367094e-01 1.322209821531676877e-01 1.314797149599869763e-01 1.307471055984481267e-01 1.300228840880436609e-01 1.293069311921589692e-01 1.285991298238130798e-01
1.442733187045877330e-01 1.433846181330449276e-01 1.425072420419450925e-01 1.416410142538470085e-01 1.407856014115430876e-01 1.399409972105054023e-01 1.391067190068902837e-01 1.382829251701504225e-01 1.374689879516124702e-01 1.366650705394266696e-01 1.358710224715169446e-01 1.350863908289373361e-01 1.343110373104134947e-01 1.335449766931230686e-01 1.327880725927478578e-01 1.320398943463857722e-01 1.313004641477294454e-01 1.305696560344336010e-01 1.298472009881014855e-01 1.291329805741627812e-01
1.449572469257143781e-01 1.440595765557019514e-01 1.431733573063376785e-01 1.422985736487647201e-01 1.414347237393414891e-01 1.405816397625794800e-01 1.397393164375199115e-01 1.389072726601368046e-01 1.380856675805124389e-01 1.372740309026017347e-01 1.364722137655897949e-01 1.356800701210984506e-01 1.348976091739408911e-01 1.341242328006988227e-01 1.333602605296700105e-01 1.326051058291037033e-01 1.318589385672490621e-01 1.311213337395127632e-01 1.303924617646771422e-01 1.296717611238236700e-01
1.456478799852445327e-01 1.447411487588466938e-01 1.438459966650700028e-01 1.429624069543583564e-01 1.420898735168810156e-01 1.412285493459136676e-01 1.403777798304755298e-01 1.395377233709996501e-01 1.387080583280163315e-01 1.378886276016001722e-01 1.370791214409767811e-01 1.362795465765690439e-01 1.354894478058250307e-01 1.347089908278182036e-01 1.339377302344584297e-01 1.331756824212344259e-01 1.324225637326859328e-01 1.316782452681131976e-01 1.309424533814212421e-01 1.302153590470864486e-01
