2.856336000000000013e+02 2.827001000000000204e+02 2.798632000000000062e+02 2.771172000000000253e+02 2.744565999999999804e+02 2.718768000000000029e+02 2.693731000000000222e+02 2.669415000000000191e+02 2.645781000000000063e+02 2.622796000000000163e+02
2.879003000000000156e+02 2.848983000000000061e+02 2.819972000000000207e+02 2.791906000000000176e+02 2.764730000000000132e+02 2.738392000000000053e+02 2.712844999999999800e+02 2.688045000000000186e+02 2.663953000000000202e+02 2.640530999999999722e+02
2.902146000000000186e+02 2.871413999999999760e+02 2.841732999999999834e+02 2.813038000000000238e+02 2.785269000000000119e+02 2.758371000000000208e+02 2.732293999999999983e+02 2.706994000000000256e+02 2.682427000000000135e+02 2.658553999999999746e+02
2.925787000000000262e+02 2.894309999999999832e+02 2.863931999999999789e+02 2.834581999999999766e+02 2.806195999999999913e+02 2.778716999999999757e+02 2.752092000000000098e+02 2.726272000000000162e+02 2.701213999999999942e+02 2.676875000000000000e+02
2.949945999999999913e+02 2.917692999999999870e+02 2.886587000000000103e+02 2.856555000000000177e+02 2.827527999999999793e+02 2.799445000000000050e+02 2.772250999999999976e+02 2.745892999999999802e+02 2.720323999999999955e+02 2.695502999999999929e+02
2.974649000000000001e+02 2.941582999999999970e+02 2.909717999999999734e+02 2.878974000000000046e+02 2.849279999999999973e+02 2.820568999999999846e+02 2.792783000000000015e+02 2.765867000000000075e+02 2.739769999999999754e+02 2.714449000000000183e+02
2.999918000000000120e+02 2.966001999999999725e+02 2.933344000000000165e+02 2.901857999999999720e+02 2.871467999999999847e+02 2.842103999999999928e+02 2.813702999999999861e+02 2.786206999999999994e+02 2.759562999999999988e+02 2.733724000000000274e+02
3.025781999999999812e+02 2.990975000000000250e+02 2.957486999999999853e+02 2.925226999999999862e+02 2.894112000000000080e+02 2.864067000000000007e+02 2.835027000000000044e+02 2.806927999999999770e+02 2.779716000000000236e+02 2.753339000000000283e+02
3.052268000000000256e+02 3.016526999999999816e+02 2.982171000000000163e+02 2.949100999999999999e+02 2.917228999999999814e+02 2.886474999999999795e+02 2.856768999999999892e+02 2.828043999999999869e+02 2.800242000000000075e+02 2.773308000000000106e+02
3.079406999999999925e+02 3.042685999999999922e+02 3.007420000000000186e+02 2.973503000000000043e+02 2.940840000000000032e+02 2.909345999999999890e+02 2.878946000000000254e+02 2.849569999999999936e+02 2.821154000000000224e+02 2.793641999999999825e+02
