5.586999999999999744e-01 5.417999999999999483e-01 5.221999999999999975e-01 5.093999999999999639e-01 4.932000000000000273e-01 4.905999999999999805e-01 4.675000000000000266e-01 4.521999999999999909e-01 4.421999999999999820e-01 4.333000000000000185e-01
5.695000000000000062e-01 5.572000000000000286e-01 5.361000000000000210e-01 5.211000000000000076e-01 4.961999999999999744e-01 4.924000000000000044e-01 4.798000000000000043e-01 4.616000000000000103e-01 4.519000000000000239e-01 4.349999999999999978e-01
5.794000000000000261e-01 5.624000000000000110e-01 5.584999999999999964e-01 5.232999999999999874e-01 5.147000000000000464e-01 5.090000000000000080e-01 4.834999999999999853e-01 4.734999999999999765e-01 4.621000000000000107e-01 4.389000000000000123e-01
6.014000000000000457e-01 5.803000000000000380e-01 5.531000000000000361e-01 5.383999999999999897e-01 5.214999999999999636e-01 5.061999999999999833e-01 4.873000000000000109e-01 4.855999999999999761e-01 4.637000000000000011e-01 4.572999999999999843e-01
6.158000000000000140e-01 5.908999999999999808e-01 5.735000000000000098e-01 5.524999999999999911e-01 5.331000000000000183e-01 5.318000000000000504e-01 4.978000000000000203e-01 4.865999999999999770e-01 4.867000000000000215e-01 4.616000000000000103e-01
6.240999999999999881e-01 6.084000000000000519e-01 5.896000000000000130e-01 5.739999999999999547e-01 5.485999999999999766e-01 5.346999999999999531e-01 5.139000000000000234e-01 4.964000000000000079e-01 4.894999999999999907e-01 4.693999999999999839e-01
6.504999999999999671e-01 6.290000000000000036e-01 5.993000000000000549e-01 5.790999999999999481e-01 5.623000000000000220e-01 5.460000000000000409e-01 5.204999999999999627e-01 5.086000000000000520e-01 4.902000000000000246e-01 4.758000000000000007e-01
6.582000000000000073e-01 6.403999999999999693e-01 6.139999999999999902e-01 5.900999999999999579e-01 5.796999999999999931e-01 5.553000000000000158e-01 5.275999999999999579e-01 5.203999999999999737e-01 5.042999999999999705e-01 4.888000000000000123e-01
6.828999999999999515e-01 6.566999999999999504e-01 6.332999999999999741e-01 6.081999999999999629e-01 5.845000000000000195e-01 5.639999999999999458e-01 5.483000000000000096e-01 5.359000000000000430e-01 5.151000000000000023e-01 4.980999999999999872e-01
6.927999999999999714e-01 6.763000000000000123e-01 6.481999999999999984e-01 6.251999999999999780e-01 6.025000000000000355e-01 5.835000000000000187e-01 5.557999999999999607e-01 5.463000000000000078e-01 5.266999999999999460e-01 5.207000000000000517e-01
