5.684000000000000163e-01 5.531000000000000361e-01 5.434999999999999831e-01 5.059000000000000163e-01 5.391000000000000236e-01 5.008000000000000229e-01 4.974999999999999978e-01 5.042999999999999705e-01 5.039000000000000146e-01 4.835999999999999743e-01 4.960999999999999854e-01 4.605000000000000204e-01 4.718999999999999861e-01 4.516000000000000014e-01 4.409000000000000141e-01 4.560000000000000164e-01 4.687999999999999945e-01 4.336999999999999744e-01 4.280999999999999805e-01 4.329999999999999960e-01
5.421000000000000263e-01 5.541000000000000369e-01 5.525999999999999801e-01 5.291000000000000147e-01 5.188000000000000389e-01 5.412000000000000144e-01 5.151000000000000023e-01 5.387999999999999456e-01 4.946999999999999731e-01 4.976999999999999758e-01 4.798000000000000043e-01 4.828000000000000069e-01 4.747000000000000108e-01 4.616000000000000103e-01 4.472999999999999754e-01 4.541000000000000036e-01 4.380999999999999894e-01 4.295999999999999819e-01 4.364999999999999991e-01 4.309000000000000052e-01
5.870999999999999552e-01 5.681000000000000494e-01 5.515999999999999792e-01 5.816000000000000059e-01 5.343999999999999861e-01 5.127000000000000446e-01 5.284999999999999698e-01 5.090999999999999970e-01 5.088000000000000300e-01 5.084999999999999520e-01 5.010999999999999899e-01 4.993000000000000216e-01 4.601999999999999980e-01 4.665000000000000258e-01 4.691000000000000170e-01 4.622999999999999887e-01 4.469000000000000195e-01 4.395000000000000018e-01 4.424000000000000155e-01 4.506999999999999895e-01
5.800999999999999490e-01 5.965000000000000302e-01 5.430000000000000382e-01 5.324999999999999734e-01 5.328000000000000513e-01 5.444999999999999840e-01 5.445999999999999730e-01 5.239000000000000323e-01 4.932000000000000273e-01 4.964000000000000079e-01 5.010000000000000009e-01 4.860999999999999766e-01 4.680000000000000271e-01 4.692000000000000060e-01 4.863000000000000100e-01 4.665000000000000258e-01 4.465000000000000080e-01 4.445999999999999952e-01 4.499000000000000221e-01 4.416999999999999815e-01
5.837999999999999856e-01 6.038999999999999924e-01 5.598999999999999533e-01 5.774000000000000243e-01 5.582000000000000295e-01 5.316999999999999504e-01 5.494999999999999885e-01 5.158000000000000362e-01 5.090000000000000080e-01 5.140000000000000124e-01 5.061999999999999833e-01 4.747000000000000108e-01 4.815999999999999726e-01 4.778999999999999915e-01 4.857000000000000206e-01 4.666000000000000147e-01 4.515000000000000124e-01 4.497999999999999776e-01 4.529000000000000248e-01 4.375000000000000000e-01
6.018000000000000016e-01 5.951999999999999513e-01 5.826000000000000068e-01 5.830999999999999517e-01 5.392000000000000126e-01 5.451000000000000290e-01 5.393000000000000016e-01 5.407999999999999474e-01 5.223999999999999755e-01 5.070000000000000062e-01 5.118000000000000327e-01 5.083999999999999631e-01 4.843000000000000083e-01 4.889999999999999902e-01 4.768000000000000016e-01 4.699999999999999734e-01 4.631000000000000116e-01 4.501999999999999891e-01 4.621999999999999997e-01 4.477999999999999758e-01
5.977999999999999980e-01 5.798999999999999710e-01 5.971999999999999531e-01 5.725000000000000089e-01 5.513000000000000123e-01 5.597999999999999643e-01 5.602000000000000313e-01 5.310000000000000275e-01 4.973000000000000198e-01 5.335999999999999632e-01 5.118000000000000327e-01 4.981999999999999762e-01 5.008000000000000229e-01 4.938000000000000167e-01 4.813999999999999946e-01 4.466999999999999860e-01 4.536999999999999922e-01 4.758999999999999897e-01 4.549000000000000266e-01 4.485999999999999988e-01
5.954000000000000403e-01 6.027000000000000135e-01 5.804000000000000270e-01 5.766999999999999904e-01 5.657999999999999696e-01 5.475999999999999757e-01 5.395999999999999686e-01 5.241000000000000103e-01 5.342000000000000082e-01 5.260000000000000231e-01 5.032999999999999696e-01 4.978000000000000203e-01 4.829999999999999849e-01 5.011999999999999789e-01 4.798999999999999932e-01 4.704999999999999738e-01 4.854999999999999871e-01 4.773999999999999910e-01 4.732999999999999985e-01 4.714999999999999747e-01
5.990999999999999659e-01 6.012999999999999456e-01 5.747999999999999776e-01 5.732000000000000428e-01 5.755000000000000115e-01 5.765000000000000124e-01 5.475999999999999757e-01 5.427999999999999492e-01 5.546999999999999709e-01 5.222999999999999865e-01 5.084999999999999520e-01 5.393999999999999906e-01 5.033999999999999586e-01 5.100999999999999979e-01 4.904999999999999916e-01 4.813000000000000056e-01 4.744999999999999774e-01 4.656000000000000139e-01 4.489000000000000212e-01 4.576999999999999957e-01
5.969999999999999751e-01 6.209999999999999964e-01 6.062999999999999501e-01 5.940999999999999615e-01 5.689999999999999503e-01 5.685999999999999943e-01 5.366999999999999549e-01 5.475999999999999757e-01 5.413000000000000034e-01 5.112999999999999767e-01 5.175999999999999490e-01 5.158000000000000362e-01 5.102999999999999758e-01 5.021999999999999797e-01 4.879000000000000004e-01 4.944000000000000061e-01 4.827000000000000179e-01 4.681000000000000161e-01 4.547999999999999821e-01 4.499000000000000221e-01
6.091999999999999638e-01 6.322999999999999732e-01 5.812000000000000499e-01 5.987999999999999989e-01 5.927999999999999936e-01 5.724000000000000199e-01 5.497999999999999554e-01 5.413999999999999924e-01 5.580000000000000515e-01 5.543000000000000149e-01 5.228000000000000425e-01 5.411000000000000254e-01 5.041999999999999815e-01 5.100000000000000089e-01 5.077000000000000401e-01 5.029000000000000137e-01 5.029000000000000137e-01 4.873999999999999999e-01 4.717999999999999972e-01 4.650000000000000244e-01
6.250000000000000000e-01 5.863000000000000433e-01 5.813000000000000389e-01 6.145000000000000462e-01 5.915000000000000258e-01 5.819999999999999618e-01 5.890999999999999570e-01 5.552000000000000268e-01 5.816999999999999948e-01 5.432000000000000162e-01 5.360000000000000320e-01 5.460000000000000409e-01 5.292999999999999927e-01 5.056000000000000494e-01 5.117000000000000437e-01 5.017000000000000348e-01 4.794999999999999818e-01 4.835999999999999743e-01 4.788999999999999924e-01 4.808999999999999941e-01
6.461000000000000076e-01 6.704999999999999849e-01 6.237000000000000322e-01 6.423999999999999710e-01 5.927000000000000046e-01 5.787999999999999812e-01 5.604000000000000092e-01 5.745999999999999996e-01 5.504000000000000004e-01 5.701000000000000512e-01 5.504000000000000004e-01 5.415999999999999703e-01 5.318000000000000504e-01 5.394999999999999796e-01 5.250000000000000222e-01 5.087000000000000410e-01 4.842000000000000193e-01 4.867000000000000215e-01 4.724999999999999756e-01 4.746000000000000218e-01
6.705999999999999739e-01 6.286000000000000476e-01 6.280000000000000027e-01 6.233999999999999542e-01 6.031999999999999584e-01 5.860999999999999543e-01 5.887999999999999901e-01 5.651000000000000467e-01 5.561000000000000387e-01 5.625000000000000000e-01 5.601000000000000423e-01 5.412000000000000144e-01 5.301000000000000156e-01 5.382000000000000117e-01 5.183999999999999719e-01 5.026000000000000467e-01 5.032999999999999696e-01 4.950999999999999845e-01 5.004999999999999449e-01 4.701000000000000179e-01
6.357000000000000428e-01 6.320999999999999952e-01 6.239999999999999991e-01 6.142999999999999572e-01 6.065000000000000391e-01 6.055000000000000382e-01 5.897999999999999909e-01 5.830999999999999517e-01 5.713000000000000300e-01 5.979999999999999760e-01 5.517999999999999572e-01 5.481000000000000316e-01 5.201999999999999957e-01 5.153999999999999693e-01 4.979000000000000092e-01 5.172999999999999821e-01 5.104999999999999538e-01 5.149000000000000243e-01 4.828000000000000069e-01 4.753999999999999893e-01
6.572000000000000064e-01 6.797999999999999599e-01 6.524999999999999689e-01 5.980999999999999650e-01 5.961999999999999522e-01 5.947000000000000064e-01 6.356000000000000538e-01 6.028999999999999915e-01 5.875000000000000222e-01 5.561000000000000387e-01 5.558999999999999497e-01 5.366999999999999549e-01 5.283999999999999808e-01 5.296999999999999487e-01 5.302999999999999936e-01 5.078000000000000291e-01 5.151000000000000023e-01 5.000000000000000000e-01 4.898000000000000131e-01 4.671000000000000152e-01
6.595999999999999641e-01 6.593999999999999861e-01 6.338000000000000300e-01 6.399000000000000243e-01 6.021999999999999575e-01 6.066000000000000281e-01 6.263999999999999568e-01 6.120999999999999774e-01 5.750999999999999446e-01 5.604999999999999982e-01 5.553000000000000158e-01 5.744000000000000217e-01 5.399000000000000465e-01 5.665999999999999925e-01 5.203999999999999737e-01 5.403999999999999915e-01 4.961999999999999744e-01 5.109000000000000208e-01 5.086000000000000520e-01 4.848999999999999977e-01
6.814000000000000057e-01 6.719000000000000528e-01 6.427000000000000490e-01 6.250000000000000000e-01 6.332999999999999741e-01 5.968999999999999861e-01 6.046000000000000263e-01 6.189000000000000057e-01 5.615999999999999881e-01 5.652000000000000357e-01 5.782000000000000473e-01 5.574000000000000066e-01 5.316999999999999504e-01 5.433999999999999941e-01 5.282999999999999918e-01 5.247000000000000552e-01 5.239000000000000323e-01 5.019000000000000128e-01 4.999000000000000110e-01 5.057000000000000384e-01
6.987999999999999767e-01 6.972000000000000419e-01 6.676999999999999602e-01 6.320000000000000062e-01 6.491999999999999993e-01 6.308000000000000274e-01 6.139000000000000012e-01 6.199000000000000066e-01 5.975000000000000311e-01 5.406999999999999584e-01 5.858999999999999764e-01 5.653000000000000247e-01 5.471000000000000307e-01 5.351000000000000201e-01 5.361000000000000210e-01 5.736999999999999877e-01 5.396999999999999575e-01 5.183999999999999719e-01 5.073999999999999622e-01 5.059000000000000163e-01
6.777999999999999581e-01 6.571000000000000174e-01 6.877999999999999670e-01 6.474999999999999645e-01 6.609000000000000430e-01 6.266000000000000458e-01 6.111999999999999655e-01 6.127000000000000224e-01 6.160999999999999810e-01 6.047000000000000153e-01 5.776000000000000023e-01 5.773000000000000353e-01 5.513000000000000123e-01 5.518999999999999462e-01 5.586999999999999744e-01 5.575999999999999845e-01 5.383999999999999897e-01 5.233999999999999764e-01 5.050999999999999934e-01 4.985999999999999877e-01
