5.561000000000000387e-01 5.447999999999999510e-01 5.202999999999999847e-01 5.168000000000000371e-01 4.955999999999999850e-01 4.924999999999999933e-01 4.611999999999999988e-01 4.658999999999999808e-01 4.358000000000000207e-01 4.295999999999999819e-01
5.738999999999999657e-01 5.456999999999999629e-01 5.514999999999999902e-01 5.265999999999999570e-01 4.938000000000000167e-01 4.696000000000000174e-01 4.751000000000000223e-01 4.596999999999999975e-01 4.566000000000000059e-01 4.233999999999999986e-01
6.042999999999999483e-01 5.621000000000000441e-01 5.434999999999999831e-01 5.211999999999999966e-01 5.062999999999999723e-01 5.091999999999999860e-01 4.737999999999999989e-01 4.796000000000000263e-01 4.355999999999999872e-01 4.511000000000000010e-01
5.933000000000000496e-01 5.628999999999999559e-01 5.600000000000000533e-01 5.280000000000000249e-01 5.410000000000000364e-01 5.059000000000000163e-01 4.884000000000000008e-01 4.814999999999999836e-01 4.621999999999999997e-01 4.698999999999999844e-01
5.987999999999999989e-01 6.196000000000000396e-01 5.719999999999999529e-01 5.620000000000000551e-01 5.313999999999999835e-01 5.232999999999999874e-01 5.032999999999999696e-01 4.941999999999999726e-01 4.703999999999999848e-01 4.652999999999999914e-01
6.379000000000000226e-01 5.850999999999999535e-01 5.970999999999999641e-01 5.632000000000000339e-01 5.379000000000000448e-01 5.175999999999999490e-01 5.160000000000000142e-01 4.924000000000000044e-01 4.799999999999999822e-01 4.692999999999999949e-01
6.553999999999999826e-01 6.069999999999999840e-01 6.138000000000000123e-01 5.441000000000000281e-01 5.453000000000000069e-01 5.168000000000000371e-01 5.227000000000000535e-01 5.223999999999999755e-01 4.969000000000000083e-01 4.767000000000000126e-01
6.471999999999999975e-01 6.500000000000000222e-01 5.997000000000000108e-01 5.960999999999999632e-01 5.622000000000000330e-01 5.662000000000000366e-01 5.387999999999999456e-01 5.004999999999999449e-01 5.107000000000000428e-01 5.017000000000000348e-01
6.847999999999999643e-01 6.245000000000000551e-01 6.303999999999999604e-01 6.320999999999999952e-01 5.943000000000000504e-01 5.769999999999999574e-01 5.570000000000000506e-01 5.315999999999999615e-01 5.043999999999999595e-01 4.827000000000000179e-01
7.057999999999999829e-01 6.863000000000000211e-01 6.647999999999999465e-01 6.332999999999999741e-01 6.065000000000000391e-01 5.815000000000000169e-01 5.588999999999999524e-01 5.380000000000000338e-01 5.208000000000000407e-01 5.071999999999999842e-01
