0.000000000000000000e+00 0.000000000000000000e+00 0.000000000000000000e+00 0.000000000000000000e+00 0.000000000000000000e+00 0.000000000000000000e+00 0.000000000000000000e+00 0.000000000000000000e+00 0.000000000000000000e+00 0.000000000000000000e+00
0.000000000000000000e+00 0.000000000000000000e+00 0.000000000000000000e+00 0.000000000000000000e+00 0.000000000000000000e+00 0.000000000000000000e+00 0.000000000000000000e+00 0.000000000000000000e+00 0.000000000000000000e+00 0.000000000000000000e+00
0.000000000000000000e+00 0.000000000000000000e+00 0.000000000000000000e+00 0.000000000000000000e+00 0.000000000000000000e+00 0.000000000000000000e+00 0.000000000000000000e+00 0.000000000000000000e+00 0.000000000000000000e+00 0.000000000000000000e+00
0.000000000000000000e+00 0.000000000000000000e+00 0.000000000000000000e+00 0.000000000000000000e+00 0.000000000000000000e+00 0.000000000000000000e+00 0.000000000000000000e+00 0.000000000000000000e+00 0.000000000000000000e+00 0.000000000000000000e+00
8.319999999999999618e-02 1.584000000000000130e-01 0.000000000000000000e+00 0.000000000000000000e+00 0.000000000000000000e+00 0.000000000000000000e+00 0.000000000000000000e+00 0.000000000000000000e+00 0.000000000000000000e+00 0.000000000000000000e+00
6.060000000000000109e-02 9.220000000000000417e-02 1.718999999999999972e-01 0.000000000000000000e+00 0.000000000000000000e+00 0.000000000000000000e+00 0.000000000000000000e+00 0.000000000000000000e+00 0.000000000000000000e+00 0.000000000000000000e+00
4.939999999999999947e-02 6.510000000000000508e-02 9.700000000000000289e-02 1.706999999999999906e-01 6.080999999999999739e-01 0.000000000000000000e+00 0.000000000000000000e+00 0.000000000000000000e+00 0.000000000000000000e+00 0.000000000000000000e+00
4.209999999999999853e-02 5.190000000000000169e-02 6.869999999999999718e-02 1.010000000000000064e-01 1.668999999999999928e-01 4.113999999999999879e-01 0.000000000000000000e+00 0.000000000000000000e+00 0.000000000000000000e+00 0.000000000000000000e+00
3.660000000000000059e-02 4.309999999999999942e-02 5.430000000000000104e-02 6.980000000000000093e-02 9.819999999999999563e-02 1.540999999999999870e-01 3.183000000000000274e-01 3.672800000000000065e+00 0.000000000000000000e+00 0.000000000000000000e+00
3.219999999999999946e-02 3.679999999999999938e-02 4.359999999999999987e-02 5.269999999999999685e-02 6.800000000000000488e-02 9.569999999999999341e-02 1.418999999999999984e-01 2.589000000000000190e-01 8.352000000000000535e-01 0.000000000000000000e+00
