5.608972275155427178e-01 5.429076835094710507e-01 5.260107916081875334e-01 5.101109215039377753e-01 4.951218449713122305e-01 4.809690345532391387e-01 4.675836864368507761e-01 4.549057656107576841e-01 4.428804142423736212e-01 4.314595823013677167e-01
5.735644806281370300e-01 5.548001508467507170e-01 5.371986765943256303e-01 5.206545879583902581e-01 5.050764152161215659e-01 4.903821105542062742e-01 4.764989534563025542e-01 4.633616033701558057e-01 4.509122134145963079e-01 4.390978959479179267e-01
5.867774318127100264e-01 5.671897323100726362e-01 5.488389966924764884e-01 5.316124805290405320e-01 5.154102952260841697e-01 5.001439052103162641e-01 4.857348288518206769e-01 4.721139780953805265e-01 4.592178956575864723e-01 4.469904119308160118e-01
6.005726726785094449e-01 5.801063913469178823e-01 5.609594873413387139e-01 5.430083894306597658e-01 5.261447063390544132e-01 5.102733916931382341e-01 4.953097025961634148e-01 4.811780448987378334e-01 4.678118914459810651e-01 4.551500878335655309e-01
6.149880304886318205e-01 5.935854695952120785e-01 5.735901650192931633e-01 5.548691505211663655e-01 5.373042043873067497e-01 5.207921409459131956e-01 5.052419989711893766e-01 4.905716898974153417e-01 4.767089174462592616e-01 4.635900838589683826e-01
6.300675677929593599e-01 6.076634565483117756e-01 5.867640942399485748e-01 5.672232486720554245e-01 5.489137460995046069e-01 5.317224559297292208e-01 5.155511653311111164e-01 5.003118246593992735e-01 4.859258951986040742e-01 4.723251586283715997e-01
6.458559077777212831e-01 6.223804813477340492e-01 6.005158965336565569e-01 5.801020793774586126e-01 5.610003373770364732e-01 5.430884744424477883e-01 5.262592917338873022e-01 5.104177774794449451e-01 4.954796972719225367e-01 4.813708471227569619e-01
6.624053166116048441e-01 6.377812758359234779e-01 6.148842616943192008e-01 5.935396270129147389e-01 5.735948875581873274e-01 5.549168606281965621e-01 5.373902858561907525e-01 5.209109873243806810e-01 5.053891027477673825e-01 4.907435105393208041e-01
6.797705585964061159e-01 6.539137100955834114e-01 6.299117215963199179e-01 6.075720928567214241e-01 5.867285569754346897e-01 5.672359127331757511e-01 5.489684052212780996e-01 5.318136154034328600e-01 5.156739408727932794e-01 5.004618633698657559e-01
6.980131556535708048e-01 6.708310265221268942e-01 6.456437511676910157e-01 6.222398959031313348e-01 6.004368300077006504e-01 5.800762531009177048e-01 5.610209950797578893e-01 5.431496448840484881e-01 5.263551627899384355e-01 5.105441677274208390e-01
