5.606009238814739781e-01 5.519417387984716372e-01 5.435398391923929040e-01 5.353837866673479828e-01 5.274636903310059299e-01 5.197690527838153551e-01 5.122898329068703571e-01 5.050184164385074226e-01 4.979455213865081609e-01 4.910627434798174318e-01 4.843634605285600525e-01 4.778403585981366719e-01 4.714859484144699464e-01 4.652944217045448250e-01 4.592592773913118931e-01 4.533747147025071200e-01 4.476355933658444086e-01 4.420360841404694652e-01 4.365718745709528670e-01 4.312375192874945973e-01
5.665324011070935750e-01 5.576977685506893101e-01 5.491283687110481981e-01 5.408124107414394866e-01 5.327391547399213945e-01 5.248972918939971422e-01 5.172775459689855637e-01 5.098710286569726469e-01 5.026682276364887736e-01 4.956615032539888333e-01 4.888425542507282562e-01 4.822043730945605455e-01 4.757392858772537814e-01 4.694413203178004479e-01 4.633038111660728320e-01 4.573208048894001898e-01 4.514865725198425883e-01 4.457955994017793744e-01 4.402425754741673969e-01 4.348228163349650566e-01
5.725819989759044493e-01 5.635672826155763149e-01 5.548259644920571221e-01 5.463448124183096777e-01 5.381138555177320537e-01 5.301209293930574384e-01 5.223564797546164096e-01 5.148108464983263133e-01 5.074752803714754901e-01 5.003404059282209326e-01 4.933991930972823070e-01 4.866429616612960585e-01 4.800643410606324490e-01 4.736576575902640696e-01 4.674151349211275730e-01 4.613311360480342738e-01 4.553993315376623774e-01 4.496145245915086353e-01 4.439708286902125378e-01 4.384638812610519576e-01
5.787537852770459068e-01 5.695530796607677360e-01 5.606341984519730426e-01 5.519840639963246032e-01 5.435901971217472761e-01 5.354422667563523142e-01 5.275293438590060724e-01 5.198409783460101741e-01 5.123686893405580145e-01 5.051028462522449969e-01 4.980352116394864970e-01 4.911578837676835452e-01 4.844632800746214718e-01 4.779445934144362362e-01 4.715943494412795922e-01 4.654067527333377030e-01 4.593753151185789863e-01 4.534942476088044683e-01 4.477584206982352377e-01 4.421620160216458428e-01
5.850513808468438270e-01 5.756597348109454559e-01 5.665574594498909988e-01 5.577327784251511211e-01 5.491722703916233073e-01 5.408641990215106166e-01 5.327983999094190182e-01 5.249635900764050289e-01 5.173505159218666494e-01 5.099498076788097078e-01 5.027529863670631149e-01 4.957519206784074539e-01 4.889378450756341477e-01 4.823042633519959987e-01 4.758439867515243948e-01 4.695501109747522994e-01 4.634164600852245242e-01 4.574366410171459285e-01 4.516058455735467714e-01 4.459181124289297582e-01
5.914785160968372146e-01 5.818891115736720687e-01 5.725991517939439390e-01 5.635941941786187792e-01 5.548621118093920446e-01 5.463897046005340430e-01 5.381664989800641896e-01 5.301809041133171974e-01 5.224239039454072753e-01 5.148848244958932341e-01 5.075549592146633149e-01 5.004259604498337843e-01 4.934898216090241596e-01 4.867383802913735069e-01 4.801647552513073069e-01 4.737623327572555998e-01 4.675238312746491376e-01 4.614431706046079884e-01 4.555154002052124729e-01 4.497335235688021959e-01
5.980390350351129092e-01 5.882465793198609072e-01 5.787627814253339942e-01 5.695722053841025811e-01 5.606629092212915833e-01 5.520218482183458786e-01 5.436365739544740672e-01 5.354962553560607130e-01 5.275905322645615403e-01 5.199089787361601545e-01 5.124431350188490830e-01 5.051828941055730438e-01 4.981210399037246939e-01 4.912491838332441740e-01 4.845592824383230801e-01 4.780450343889173226e-01 4.716994455035931622e-01 4.655153373179243825e-01 4.594876303735596634e-01 4.536100821471863442e-01
6.047374933293104826e-01 5.947353531456304188e-01 5.850513847732465855e-01 5.756702621522172825e-01 5.665785011778579072e-01 5.577626870960923355e-01 5.492111022365275819e-01 5.409114827522295554e-01 5.328531663769495719e-01 5.250254360358443950e-01 5.174195700680563892e-01 5.100251944312105268e-01 5.028338714816978916e-01 4.958379973966658416e-01 4.890293064346670771e-01 4.824003472229002054e-01 4.759444345509417640e-01 4.696546782806955700e-01 4.635249154180596243e-01 4.575492168868222631e-01
6.115779940565987394e-01 6.013593300013263532e-01 5.914686643250595122e-01 5.818913463019046439e-01 5.726117206343723787e-01 5.636165429531906357e-01 5.548937186495298546e-01 5.464300796118830572e-01 5.382146505570852835e-01 5.302369345333236561e-01 5.224863736739001618e-01 5.149543892718670968e-01 5.076307531055873623e-01 5.005076510408950075e-01 4.935766086087213234e-01 4.868304598018242668e-01 4.802613729946246801e-01 4.738632348870793765e-01 4.676287782263193749e-01 4.615523905825625328e-01
6.185653745606631837e-01 6.081231232299475487e-01 5.980201957662193424e-01 5.882391004943363644e-01 5.787666155174694405e-01 5.695867576724469306e-01 5.606870680728958112e-01 5.520545606145275119e-01 5.436779106061183642e-01 5.355457636574129099e-01 5.276472665101782367e-01 5.199725516779638568e-01 5.125131804501248389e-01 5.052595647934661205e-01 4.982030148644351342e-01 4.913361684027468534e-01 4.846514759591247778e-01 4.781416896917650150e-01 4.718003136328198233e-01 4.656206421887492675e-01
6.257034042299771670e-01 6.150308929553526260e-01 6.047081872062527452e-01 5.947184446155151516e-01 5.850462130582603226e-01 5.756762073182550843e-01 5.665944237596449717e-01 5.577886038318033979e-01 5.492454171310632294e-01 5.409542732677682375e-01 5.329034652492190549e-01 5.250833568854805788e-01 5.174836997686003137e-01 5.100956911774908731e-01 5.029108917730055195e-01 4.959202314379534404e-01 4.891169467755319689e-01 4.824931080394663230e-01 4.760415762517599125e-01 4.697559568439929056e-01
6.329984442438640890e-01 6.220875385894606424e-01 6.115378911977550347e-01 6.013326930800677594e-01 5.914542055076795757e-01 5.818884186167739836e-01 5.726191557093989193e-01 5.636343408726763871e-01 5.549207967178833023e-01 5.464659489280909721e-01 5.382583214983103215e-01 5.302885090006600466e-01 5.225454420535254885e-01 5.150195513942897874e-01 5.077021716947810459e-01 5.005849940559893296e-01 4.936595626516034896e-01 4.869182489446850504e-01 4.803542025044464370e-01 4.739603720267218656e-01
6.404545729200471493e-01 6.292975044558684061e-01 6.185141316394752176e-01 6.080858511027943392e-01 5.979955695454352016e-01 5.882270242266819382e-01 5.787653018110267000e-01 5.695961897790791095e-01 5.607061366135887015e-01 5.520827564791874753e-01 5.437147540035103255e-01 5.355902768276205039e-01 5.276995575320008180e-01 5.200322188551662617e-01 5.125793398975503345e-01 5.053313753906716332e-01 4.982811451835338912e-01 4.914193306449965437e-01 4.847398689581818854e-01 4.782350380721295258e-01
6.480772593049072272e-01 6.366659985378971820e-01 6.256412780511144689e-01 6.149832522868494689e-01 6.046736703813349045e-01 5.946969322106512301e-01 5.850358801410154852e-01 5.756770180462246200e-01 5.666057967653257421e-01 5.578094441146169702e-01 5.492752266053884114e-01 5.409925818703403833e-01 5.329498308534180717e-01 5.251368461975097768e-01 5.175444423151674966e-01 5.101628135614248993e-01 5.029835616826436873e-01 4.959991189835539216e-01 4.892007745260479323e-01 4.825816035254615333e-01
6.558727984103138731e-01 6.441984025763464183e-01 6.329238374864949446e-01 6.220285841766638457e-01 6.114931673415013869e-01 6.013008577768179652e-01 5.914351521953812307e-01 5.818803428438763525e-01 5.726220323606159290e-01 5.636475998288541511e-01 5.549428134196018325e-01 5.464967878719663164e-01 5.382980512344882618e-01 5.303356385067196088e-01 5.225995775325720238e-01 5.150808272275081423e-01 5.077697240721403826e-01 5.006579996030644519e-01 4.937382070488329777e-01 4.870022361219066842e-01
6.638457601703117161e-01 6.519002791666278496e-01 6.403677124031729173e-01 6.292262578989322730e-01 6.184582660973729773e-01 6.080439663713987919e-01 5.979663443014096025e-01 5.882097868710604027e-01 5.787594215276025134e-01 5.696010738095198533e-01 5.607206781041462751e-01 5.521069887190197534e-01 5.437471155044385496e-01 5.356313839804142107e-01 5.277479340844736244e-01 5.200874789574040369e-01 5.126411190616612101e-01 5.053998264664993911e-01 4.983549499998026766e-01 4.914991619184699290e-01
6.720041374486459551e-01 6.597767344289094948e-01 6.479771097874291730e-01 6.365826908763607683e-01 6.255733035221993088e-01 6.149297921840912728e-01 6.046339578236918921e-01 5.946696643040737529e-01 5.850209732339894941e-01 5.756732722578018491e-01 5.666120770429502462e-01 5.578252214715859747e-01 5.493005421544635558e-01 5.410264198304983729e-01 5.329912271971521953e-01 5.251859147966828623e-01 5.176002816474757351e-01 5.102255674949894848e-01 5.030523852294134235e-01 4.960732058654075960e-01
6.803522378623827471e-01 6.678343450923356350e-01 6.557589259498166623e-01 6.441020108581745340e-01 6.328439898259312635e-01 6.219637962474190429e-01 6.114426393523024750e-01 6.012638389481244072e-01 5.914103593939212811e-01 5.818677028302230436e-01 5.726203626598385110e-01 5.636557796373654616e-01 5.549608695070378239e-01 5.465236806653234192e-01 5.383333216277313982e-01 5.303783340158284565e-01 5.226498175134542956e-01 5.151377204744692628e-01 5.078329208101161063e-01 5.007276606353372461e-01
6.888985263307096929e-01 6.760792618124370490e-01 6.637177144947292717e-01 6.517903792062426094e-01 6.402749806719841841e-01 6.291503958762962867e-01 6.183965819972381261e-01 6.079962929067499466e-01 5.979319478582610925e-01 5.881879783119544625e-01 5.787489868684544403e-01 5.696008642018284274e-01 5.607307043111984246e-01 5.521261856419824587e-01 5.437755391305865160e-01 5.356675182363412890e-01 5.277918881417762442e-01 5.201388525901839976e-01 5.126990311671624223e-01 5.054639337375139707e-01
6.976490690430596775e-01 6.845171802238061431e-01 6.718601354781985613e-01 6.596528852918399632e-01 6.478717127028815748e-01 6.364941476153775923e-01 6.255007205952659577e-01 6.148717318105524354e-01 6.045896554197462969e-01 5.946384018461562393e-01 5.850015046639946981e-01 5.756644189020637681e-01 5.666143872982619678e-01 5.578370414445972258e-01 5.493213752383954152e-01 5.410557983874308974e-01 5.330287112535903038e-01 5.252310881399717690e-01 5.176522446009383938e-01 5.102839633405242825e-01
