0.000000000000000000e+00 0.000000000000000000e+00 0.000000000000000000e+00 0.000000000000000000e+00 0.000000000000000000e+00 0.000000000000000000e+00 0.000000000000000000e+00 0.000000000000000000e+00 0.000000000000000000e+00 0.000000000000000000e+00
0.000000000000000000e+00 0.000000000000000000e+00 0.000000000000000000e+00 0.000000000000000000e+00 0.000000000000000000e+00 0.000000000000000000e+00 0.000000000000000000e+00 0.000000000000000000e+00 0.000000000000000000e+00 0.000000000000000000e+00
0.000000000000000000e+00 0.000000000000000000e+00 0.000000000000000000e+00 0.000000000000000000e+00 0.000000000000000000e+00 0.000000000000000000e+00 0.000000000000000000e+00 0.000000000000000000e+00 0.000000000000000000e+00 0.000000000000000000e+00
0.000000000000000000e+00 0.000000000000000000e+00 0.000000000000000000e+00 0.000000000000000000e+00 0.000000000000000000e+00 0.000000000000000000e+00 0.000000000000000000e+00 0.000000000000000000e+00 0.000000000000000000e+00 0.000000000000000000e+00
1.067701654706541409e-01 1.791141681506387973e-01 0.000000000000000000e+00 0.000000000000000000e+00 0.000000000000000000e+00 0.000000000000000000e+00 0.000000000000000000e+00 0.000000000000000000e+00 0.000000000000000000e+00 0.000000000000000000e+00
8.195789210872536645e-02 1.084544588944671567e-01 1.862392452910273388e-01 0.000000000000000000e+00 0.000000000000000000e+00 0.000000000000000000e+00 0.000000000000000000e+00 0.000000000000000000e+00 0.000000000000000000e+00 0.000000000000000000e+00
6.717871943643521915e-02 8.074712123623480065e-02 1.087762325181312328e-01 1.821224153279893954e-01 6.109163778244104392e-01 0.000000000000000000e+00 0.000000000000000000e+00 0.000000000000000000e+00 0.000000000000000000e+00 0.000000000000000000e+00
5.719297050996874354e-02 6.531916088433845080e-02 7.960664231170964944e-02 1.072810091391778325e-01 1.717093352387560057e-01 4.188811611979242899e-01 0.000000000000000000e+00 0.000000000000000000e+00 0.000000000000000000e+00 0.000000000000000000e+00
4.992453757302157263e-02 5.527030871930539713e-02 6.382143348278430939e-02 7.819484404011754763e-02 1.043146707514839427e-01 1.591418250511101307e-01 3.199759256731221080e-01 3.738125968256544418e+00 0.000000000000000000e+00 0.000000000000000000e+00
4.436572584445484801e-02 4.811298174806813432e-02 5.374282571969740685e-02 6.244128288842785979e-02 7.643184121065121905e-02 1.004308625302516300e-01 1.466027458885613977e-01 2.592278450595205119e-01 8.266826719053330663e-01 0.000000000000000000e+00
